11:45:37.606	31.7	76.9	74.4	70.7	

11:45:40.616	31.7	76.3	74.7	70.7	

11:45:43.631	31.8	74.9	73.6	70.0	

11:45:46.661	31.7	71.9	72.1	69.3	

11:45:49.666	31.4	69.3	70.5	68.5	

11:45:52.686	31.2	67.6	69.6	67.8	

11:45:55.706	31.0	66.7	68.5	67.2	

11:45:58.746	30.9	65.9	68.0	66.7	

11:46:01.746	30.8	64.9	67.4	66.5	

11:46:04.769	30.8	63.9	66.7	65.9	

11:46:07.776	30.8	63.4	65.9	65.7	

11:46:10.806	30.7	62.8	65.7	65.5	

11:46:13.828	30.8	62.4	65.3	64.9	

11:46:16.845	30.8	61.7	64.5	64.5	

11:46:19.849	30.7	61.3	63.9	64.1	

11:46:22.889	30.7	60.8	63.4	63.6	

11:46:25.895	30.8	60.3	63.2	63.4	

11:46:28.925	30.9	59.8	62.4	62.8	

11:46:31.936	30.8	59.3	61.9	62.6	

11:46:34.957	30.8	58.6	61.7	62.1	

11:46:37.966	30.7	58.3	61.2	61.7	

11:46:40.986	30.7	57.8	60.6	61.3	

11:46:44.006	30.8	57.5	60.3	61.0	

11:46:47.046	30.8	57.1	59.8	60.6	

11:46:50.046	30.7	56.8	59.8	60.3	

11:46:53.056	30.7	56.5	59.4	59.9	

11:46:56.076	30.6	55.9	58.6	59.4	

11:46:59.113	30.7	55.6	58.4	59.1	

11:47:02.126	30.6	55.1	57.9	58.8	

11:47:05.136	30.6	54.8	57.6	58.4	

11:47:08.156	30.6	54.4	57.0	58.3	

11:47:11.176	30.5	54.1	57.0	57.8	

11:47:14.206	30.5	53.8	56.3	57.5	

11:47:17.216	30.5	53.5	56.0	57.1	

11:47:20.236	30.5	53.2	55.7	57.0	

11:47:23.247	30.6	52.8	55.6	56.7	

11:47:26.286	30.7	52.8	55.0	56.2	

11:47:29.287	30.5	52.2	54.7	55.7	

11:47:32.291	30.6	52.1	54.4	55.4	

11:47:35.336	30.7	51.6	53.9	55.1	

11:47:38.346	30.7	51.4	53.8	53.8	

11:47:41.386	30.8	51.1	53.5	54.5	

11:47:44.386	30.8	50.8	53.2	54.4	

11:47:47.397	30.6	50.4	52.9	53.9	

11:47:50.419	30.6	50.2	52.5	53.6	

11:47:53.437	30.5	50.0	52.2	53.3	

11:47:56.466	30.6	49.8	51.9	53.1	

11:47:59.496	30.5	49.8	51.6	52.9	

11:48:02.492	30.6	49.6	51.5	52.6	

11:48:05.512	30.6	49.2	51.2	52.3	

11:48:08.534	30.6	48.8	51.0	52.1	

11:48:11.546	30.7	48.7	50.4	51.6	

11:48:14.556	30.5	48.3	50.2	51.5	

11:48:17.596	30.6	48.2	50.2	51.1	

11:48:20.606	30.1	47.9	49.9	51.0	

11:48:23.636	30.6	47.9	49.6	50.6	

11:48:26.646	30.6	47.6	49.4	50.4	

11:48:29.651	30.6	47.4	49.2	50.2	

11:48:32.696	30.6	47.1	49.0	50.0	

11:48:35.716	30.7	47.1	48.6	49.6	

11:48:38.726	30.5	46.7	48.3	49.2	

11:48:41.735	30.5	46.2	48.1	49.1	

11:48:44.746	30.5	46.2	47.8	49.0	

11:48:47.776	30.5	46.0	47.7	48.8	

11:48:50.806	30.5	45.7	47.4	48.7	

11:48:53.826	30.5	45.5	47.3	48.5	

11:48:56.826	30.5	45.4	47.2	48.2	

11:48:59.842	30.4	45.2	46.8	48.1	

11:49:02.876	30.4	45.1	46.7	47.8	

11:49:05.882	30.4	45.0	46.4	47.6	

11:49:08.906	30.3	44.8	46.4	47.4	

11:49:11.936	30.2	44.6	46.2	47.2	

11:49:14.937	30.2	44.3	45.8	46.8	

11:49:17.956	30.2	44.1	45.6	46.6	

11:49:20.996	30.3	44.1	45.5	46.4	

11:49:23.996	30.2	43.7	45.2	46.2	

11:49:27.013	30.3	43.5	45.1	46.1	

11:49:30.038	30.3	43.4	44.8	45.8	

11:49:33.056	30.3	43.1	44.6	45.7	

11:49:36.066	30.4	43.0	44.4	45.5	

11:49:39.106	30.2	43.0	44.3	45.4	

11:49:42.106	30.4	42.8	44.2	45.0	

11:49:45.126	30.4	42.7	43.9	44.9	

11:49:48.136	30.4	42.5	43.7	44.8	

11:49:51.166	30.4	42.2	43.6	44.5	

11:49:54.186	30.4	42.1	43.4	44.5	

11:49:57.206	30.4	42.0	43.3	44.3	

11:50:00.216	30.4	41.8	43.3	44.1	

11:50:03.246	30.4	41.7	43.0	43.9	

11:50:06.266	30.4	41.6	42.9	43.8	

11:50:09.266	30.4	41.5	42.7	43.7	

11:50:12.296	30.3	41.4	42.5	43.6	

11:50:15.306	30.4	41.2	42.3	43.4	

11:50:18.328	30.3	41.0	42.2	43.3	

11:50:21.356	30.2	40.9	42.0	43.1	

11:50:24.386	30.2	40.8	41.9	42.8	

11:50:27.387	30.2	40.7	41.8	42.8	

11:50:30.416	30.2	40.7	41.7	42.7	

11:50:33.423	30.3	40.5	41.7	42.5	

11:50:36.448	30.3	40.4	41.4	42.3	

11:50:39.453	30.3	40.3	41.5	42.3	

11:50:42.486	30.3	40.2	41.2	42.2	

11:50:45.502	30.4	40.0	41.2	42.0	

11:50:48.518	30.4	39.9	41.0	41.9	

11:50:51.538	30.3	39.9	41.0	41.8	

11:50:54.556	30.3	39.8	40.9	41.7	

11:50:57.576	30.3	39.6	40.6	41.5	

11:51:00.596	30.2	39.5	40.5	41.5	

11:51:03.616	30.3	39.5	40.4	41.4	

11:51:06.626	30.3	39.4	40.4	41.2	

11:51:09.646	30.3	39.2	40.3	41.0	

11:51:12.676	30.3	39.3	40.0	40.9	

11:51:15.687	30.4	39.1	40.0	40.9	

11:51:18.698	30.4	39.0	40.0	40.8	

11:51:21.746	30.4	39.0	39.8	40.6	

11:51:24.736	30.4	38.8	39.6	40.5	

11:51:27.756	30.3	38.6	39.6	40.4	

11:51:30.786	30.4	38.5	39.4	40.2	

11:51:33.816	30.4	38.5	39.5	40.0	

11:51:36.826	30.4	38.4	39.3	40.0	

11:51:39.836	30.6	38.1	39.2	39.9	

11:51:42.852	30.6	38.3	39.2	39.9	

11:51:45.876	30.6	38.3	39.1	39.7	

11:51:48.887	30.5	37.9	39.0	39.7	

11:51:51.915	30.6	37.8	38.8	39.6	

11:51:54.926	30.5	37.8	38.7	39.5	

11:51:57.952	30.6	37.6	38.7	39.4	

11:52:00.976	30.4	37.7	38.7	39.4	

11:52:03.996	30.4	37.6	38.5	39.3	

11:52:07.026	30.4	37.6	38.5	39.1	

11:52:10.013	30.4	37.4	38.5	39.0	

11:52:13.052	30.4	37.2	38.3	38.8	

11:52:16.056	30.3	37.1	38.0	38.8	

11:52:19.076	30.4	37.1	37.9	38.7	

11:52:22.096	30.4	37.0	37.8	38.5	

11:52:25.126	30.3	37.0	37.8	38.5	

11:52:28.142	30.3	36.9	37.7	38.4	

11:52:31.156	30.3	36.9	37.6	38.5	

11:52:34.167	30.3	36.7	37.6	38.4	

11:52:37.188	30.3	36.6	37.4	38.0	

11:52:40.201	30.4	36.6	37.4	38.0	

11:52:43.246	30.4	36.6	37.4	38.1	

11:52:46.276	30.4	36.6	37.4	37.8	

11:52:49.261	30.4	36.5	37.3	37.8	

11:52:52.286	30.4	36.5	37.2	37.8	

11:52:55.299	30.4	36.3	37.1	37.7	

11:52:58.326	30.4	36.2	37.1	37.6	

11:53:01.346	30.4	36.1	37.0	37.6	

11:53:04.354	30.4	36.1	36.9	37.4	

11:53:07.379	30.3	36.0	36.7	37.3	

11:53:10.396	30.4	36.0	36.7	37.3	

11:53:13.416	30.4	36.0	36.5	37.3	

11:53:16.436	30.4	35.9	36.6	37.2	

11:53:19.446	30.4	35.9	36.6	37.0	

11:53:22.472	30.4	35.9	36.5	37.1	

11:53:25.500	30.4	35.9	36.6	37.1	

11:53:28.506	30.5	35.8	36.5	37.0	

11:53:31.526	30.4	35.7	36.3	36.9	

11:53:34.556	30.5	35.6	36.3	36.9	

11:53:37.572	30.5	35.5	36.2	36.7	

11:53:40.582	30.5	35.4	36.1	36.7	

11:53:43.596	30.6	35.4	36.2	36.7	

11:53:46.626	30.6	35.6	36.2	36.7	

11:53:49.642	30.6	35.5	36.0	36.6	

11:53:52.651	30.7	35.3	36.0	36.5	

11:53:55.682	30.6	35.2	35.9	36.5	

11:53:58.683	30.6	35.2	35.8	36.3	

11:54:01.719	30.5	35.0	35.8	36.3	

11:54:04.735	30.6	35.1	35.6	36.3	

11:54:07.751	30.6	35.1	35.6	36.3	

11:54:10.770	30.6	35.1	35.7	36.2	

11:54:13.792	30.6	34.8	35.4	36.1	

11:54:16.797	30.5	35.0	35.5	36.0	

11:54:19.832	30.5	34.8	35.5	35.9	

11:54:22.836	30.6	34.9	35.6	36.0	

11:54:25.856	30.6	34.9	35.5	35.9	

11:54:28.876	30.5	34.7	35.5	36.0	

11:54:31.890	30.5	34.8	35.2	35.8	

11:54:34.906	30.7	34.7	35.3	35.7	

11:54:37.933	30.6	34.7	35.3	35.6	

11:54:40.948	30.5	34.6	35.2	35.6	

11:54:43.976	30.5	34.6	35.2	35.5	

11:54:46.996	30.6	34.5	35.0	35.5	

11:54:50.010	30.5	34.4	35.0	35.5	

11:54:53.036	30.5	34.5	35.1	35.5	

11:54:56.046	30.4	34.5	35.1	35.4	

11:54:59.069	30.4	34.3	34.9	35.3	

11:55:02.071	30.4	34.3	34.8	35.3	

11:55:05.106	30.4	34.3	35.0	35.3	

11:55:08.126	30.5	34.3	34.9	35.3	

11:55:11.156	30.4	34.2	34.8	35.2	

11:55:14.151	30.4	34.1	34.7	35.1	

11:55:17.186	30.4	34.0	34.6	35.0	

11:55:20.196	30.4	34.0	34.7	35.0	

11:55:23.212	30.4	34.0	34.6	35.0	

11:55:26.246	30.4	33.9	34.5	34.9	

11:55:29.249	30.3	33.8	34.4	34.8	

11:55:32.286	30.4	33.9	34.4	34.8	

11:55:35.277	30.3	33.8	34.4	34.8	

11:55:38.296	30.4	33.8	34.4	34.7	

11:55:41.336	30.4	33.8	34.3	34.7	

11:55:44.348	30.3	33.8	34.3	34.7	

11:55:47.366	30.3	33.8	34.3	34.6	

11:55:50.376	30.3	33.7	34.2	34.5	

11:55:53.396	30.3	33.7	34.1	34.5	

11:55:56.416	30.4	33.7	34.2	34.5	

11:55:59.432	30.5	33.7	34.1	34.6	

11:56:02.450	30.8	33.7	34.1	34.6	

11:56:05.482	30.6	33.7	34.0	34.5	

11:56:08.506	30.7	33.8	34.1	34.4	

11:56:11.526	30.9	33.7	34.0	34.4	

11:56:14.536	30.9	33.6	33.9	34.4	

11:56:17.541	30.7	33.7	34.0	34.4	

11:56:20.558	30.6	33.7	33.9	34.3	

11:56:23.586	30.6	33.5	33.9	34.2	

11:56:26.606	30.6	33.5	33.8	34.2	

11:56:29.636	30.6	33.5	33.8	34.1	

11:56:32.639	30.6	33.4	33.8	34.0	

11:56:35.666	30.5	33.4	33.8	34.1	

11:56:38.676	30.4	33.3	33.8	34.0	

11:56:41.706	30.4	33.3	33.7	34.0	

11:56:44.726	30.4	33.2	33.8	33.9	

11:56:47.728	30.4	33.3	33.7	34.0	

11:56:50.752	30.4	33.3	33.7	34.0	

11:56:53.762	30.4	33.1	33.7	34.0	

11:56:56.796	30.4	33.1	33.6	33.8	

11:56:59.816	30.3	33.0	33.7	33.9	

11:57:02.828	30.3	33.1	33.5	33.8	

11:57:05.842	30.4	33.0	33.5	33.8	

11:57:08.856	30.4	33.1	33.6	33.8	

11:57:11.906	30.4	33.0	33.6	33.7	

11:57:14.906	30.4	33.1	33.3	33.8	

11:57:17.916	30.4	33.0	33.4	33.7	

11:57:20.936	30.4	32.9	33.4	33.6	

11:57:23.956	30.4	32.9	33.3	33.6	

11:57:26.981	30.4	32.9	33.4	33.6	

11:57:29.980	30.4	32.8	33.4	33.5	

11:57:33.016	30.4	32.7	33.2	33.5	

11:57:36.028	30.4	32.6	33.2	33.5	

11:57:39.046	30.3	32.8	33.4	33.6	

11:57:42.076	30.4	32.8	33.2	33.5	

11:57:45.087	30.4	32.7	33.1	33.5	

11:57:48.116	30.5	32.8	33.3	33.5	

11:57:51.118	30.4	32.8	33.2	33.5	

11:57:54.146	30.5	32.8	33.1	33.5	

11:57:57.166	30.5	32.7	33.2	33.4	

11:58:00.176	30.4	32.7	33.0	33.4	

11:58:03.198	30.5	32.7	33.2	33.2	

11:58:06.218	30.4	32.5	33.0	33.2	

11:58:09.236	30.3	32.5	33.0	33.2	

11:58:12.246	30.3	32.5	32.9	33.2	

11:58:15.277	30.3	32.4	33.0	33.2	

11:58:18.291	30.3	32.5	32.9	33.0	

11:58:21.316	30.3	32.4	32.9	33.2	

11:58:24.326	30.4	32.5	32.7	33.2	

11:58:27.350	30.4	32.6	32.8	33.0	

11:58:30.366	30.4	32.5	32.9	33.1	

11:58:33.392	30.4	32.5	32.7	33.1	

11:58:36.416	30.5	32.4	32.7	33.1	

11:58:39.421	30.5	32.4	32.7	32.9	

11:58:42.462	30.4	32.4	32.7	33.0	

11:58:45.456	30.5	32.3	32.8	32.9	

11:58:48.492	30.4	32.3	32.7	32.8	

11:58:51.526	30.4	32.3	32.6	32.9	

11:58:54.516	30.4	32.2	32.6	32.8	

11:58:57.536	30.4	32.2	32.6	32.9	

11:59:00.559	30.4	32.2	32.7	32.9	

11:59:03.580	30.4	32.2	32.8	32.9	

11:59:06.596	30.4	32.2	32.6	32.8	

11:59:09.626	30.3	32.1	32.5	32.8	

11:59:12.626	30.3	32.1	32.7	32.6	

11:59:15.648	30.2	32.1	32.6	32.8	

11:59:18.666	30.3	32.1	32.5	32.7	

11:59:21.681	30.2	32.0	32.5	32.7	

11:59:24.706	30.2	32.1	32.5	32.7	

11:59:27.746	30.2	32.1	32.5	32.6	

11:59:30.747	30.2	32.2	32.5	32.6	

11:59:33.766	30.3	32.1	32.4	32.6	

11:59:36.782	30.3	32.1	32.4	32.5	

11:59:39.796	30.3	31.9	32.4	32.6	

11:59:42.816	30.3	32.0	33.1	32.5	

11:59:45.826	30.3	32.0	32.3	32.5	

11:59:48.852	30.3	31.9	32.4	32.5	

11:59:51.866	30.3	31.9	32.3	32.5	

11:59:54.884	30.4	31.9	32.3	32.4	

11:59:57.906	30.4	32.0	32.3	32.4	

12:00:00.926	30.5	32.0	32.3	32.3	

12:00:03.938	30.5	32.0	32.4	32.4	

12:00:06.951	30.5	31.9	32.4	32.4	

12:00:09.982	30.6	31.9	32.4	32.4	

12:00:12.997	30.6	31.9	32.4	32.4	

12:00:16.016	30.6	31.9	32.4	32.4	

12:00:19.042	30.7	31.9	32.2	32.3	

12:00:22.049	30.6	32.0	32.2	32.3	

12:00:25.086	30.8	31.8	32.3	32.3	

12:00:28.096	30.6	31.9	32.3	32.3	

12:00:31.116	30.6	31.9	32.2	32.3	

12:00:34.136	30.5	31.9	32.1	32.3	

12:00:37.146	30.4	31.9	32.2	32.3	

12:00:40.178	30.6	31.8	32.3	32.3	

12:00:43.186	30.5	31.9	32.2	32.2	

12:00:46.206	30.4	31.8	32.2	32.3	

12:00:49.216	30.4	31.8	32.1	32.2	

12:00:52.238	30.3	31.8	32.1	32.1	

12:00:55.256	30.3	31.8	32.1	32.2	

12:00:58.286	30.3	31.8	32.1	32.2	

12:01:01.306	30.4	31.8	32.0	32.1	

12:01:04.328	30.4	31.8	32.0	32.1	

12:01:07.346	30.4	31.8	32.0	32.1	

12:01:10.362	30.4	31.8	32.0	32.1	

12:01:13.372	30.3	31.6	32.0	32.1	

12:01:16.396	30.4	31.7	31.9	31.9	

12:01:19.406	30.4	31.7	31.9	32.1	

12:01:22.426	30.4	31.6	32.0	32.0	

12:01:25.458	30.4	31.7	32.0	32.1	

12:01:28.462	30.4	31.7	31.9	32.0	

12:01:31.486	30.3	31.6	31.8	32.0	

12:01:34.516	30.3	31.6	31.8	31.9	

12:01:37.516	30.2	31.6	31.8	31.9	

12:01:40.548	30.3	31.6	31.8	31.9	

12:01:43.558	30.3	31.7	31.9	32.0	

12:01:46.573	30.3	31.6	31.8	31.9	

12:01:49.606	30.2	31.5	31.9	31.8	

12:01:52.610	30.2	31.6	31.8	31.9	

12:01:55.652	30.3	31.7	31.8	31.9	

12:01:58.637	30.3	31.5	31.8	32.0	

12:02:01.667	30.4	31.7	31.8	31.9	

12:02:04.716	30.4	31.6	31.9	31.9	

12:02:07.721	30.4	31.6	31.8	31.8	

12:02:10.736	30.4	31.6	31.8	31.8	

12:02:13.742	30.5	31.5	31.8	31.9	

12:02:16.793	30.5	31.6	31.8	31.8	

12:02:19.793	30.5	31.6	31.8	31.9	

12:02:22.816	30.6	31.7	31.8	31.9	

12:02:25.828	30.6	31.7	31.8	31.8	

12:02:28.867	31.0	31.6	31.8	31.9	

12:02:31.862	30.6	31.6	31.8	31.8	

12:02:34.882	30.5	31.6	31.8	31.8	

12:02:37.908	30.5	31.4	31.7	31.7	

12:02:40.907	30.4	31.3	31.7	31.8	

12:02:43.948	30.4	31.4	31.8	31.8	

12:02:46.953	30.3	31.3	31.8	31.7	

12:02:49.978	30.3	31.4	31.7	31.8	

12:02:52.993	30.4	31.5	31.8	31.8	

12:02:56.023	30.3	31.5	31.8	31.8	

12:02:59.043	30.4	31.5	31.8	31.8	

12:03:02.059	30.3	31.4	31.8	31.6	

12:03:05.064	30.4	31.4	31.6	31.7	

12:03:08.076	30.4	31.4	31.7	31.8	

12:03:11.107	30.4	31.4	31.6	31.7	

