16:04:34.956	32.4	78.9	76.6	73.1	

16:04:37.966	32.3	79.2	76.9	73.1	

16:04:40.990	32.3	79.2	76.9	73.1	

16:04:43.998	32.3	78.9	76.9	72.9	

16:04:47.026	32.2	78.9	76.6	72.9	

16:04:50.040	32.2	79.2	76.6	72.9	

16:04:53.068	32.1	79.2	76.9	72.9	

16:04:56.076	32.2	78.9	76.6	73.1	

16:04:59.089	32.2	79.2	76.9	72.9	

16:05:02.120	32.2	79.2	76.9	72.9	

16:05:05.138	32.2	79.2	76.9	72.9	

16:05:08.166	32.2	79.2	76.9	73.1	

16:05:11.188	32.2	79.5	76.6	72.9	

16:05:14.187	32.1	79.2	76.9	72.9	

16:05:17.196	32.2	79.2	76.9	72.9	

16:05:20.226	32.2	79.5	76.9	73.1	

16:05:23.249	32.2	79.2	76.9	72.9	

16:05:26.266	32.1	79.5	77.1	73.1	

16:05:29.286	32.1	79.2	77.1	73.1	

16:05:32.308	32.2	79.5	77.1	73.1	

16:05:35.334	32.1	79.5	77.1	73.1	

16:05:38.346	32.1	79.2	77.1	73.1	

16:05:41.356	32.1	79.5	77.1	73.1	

16:05:44.386	32.1	79.2	77.1	73.4	

16:05:47.396	32.1	79.2	77.1	73.4	

16:05:50.416	32.1	79.2	77.1	73.1	

16:05:53.449	32.1	79.2	77.1	73.1	

16:05:56.466	32.1	79.5	77.1	73.4	

16:05:59.476	32.1	79.5	77.1	73.1	

16:06:02.507	32.1	79.5	77.1	73.1	

16:06:05.516	32.0	79.5	77.1	73.1	

16:06:08.529	32.1	79.2	76.9	73.1	

16:06:11.546	32.0	79.2	76.9	72.9	

16:06:14.568	32.1	79.5	76.9	73.1	

16:06:17.598	32.0	79.8	76.9	73.1	

16:06:20.608	32.1	79.5	77.1	73.1	

16:06:23.626	32.0	79.8	77.1	73.4	

16:06:26.637	32.0	79.8	77.1	73.4	

16:06:29.660	32.0	79.8	77.4	73.1	

16:06:32.670	32.1	79.8	77.4	73.1	

16:06:35.696	32.0	79.8	77.1	73.4	

16:06:38.726	32.0	79.2	76.9	73.4	

16:06:41.736	32.0	79.2	77.1	73.1	

16:06:44.746	32.0	78.9	76.9	73.1	

16:06:47.775	32.0	79.5	77.1	73.1	

16:06:50.777	32.0	79.2	76.9	73.1	

16:06:53.816	32.0	79.5	77.1	73.1	

16:06:56.836	32.0	79.2	76.9	73.1	

16:06:59.846	32.0	79.2	77.1	73.1	

16:07:02.867	32.0	79.2	77.1	73.1	

16:07:05.896	32.0	79.2	77.1	73.1	

16:07:08.916	32.1	79.5	77.1	73.4	

16:07:11.919	32.1	79.5	77.1	73.1	

16:07:14.932	32.1	79.5	77.1	73.1	

16:07:17.950	32.1	79.5	76.9	73.1	

16:07:20.968	32.1	78.9	77.1	72.9	

16:07:23.998	32.1	79.2	76.9	73.1	

16:07:27.011	32.1	79.2	77.1	73.1	

16:07:30.036	32.1	79.2	76.9	73.1	

16:07:33.066	32.1	79.2	77.1	73.1	

16:07:36.061	32.1	79.2	76.9	72.9	

16:07:39.074	32.1	78.9	76.9	73.4	

16:07:42.102	32.1	79.2	77.1	73.1	

16:07:45.120	32.1	79.2	77.1	72.9	

16:07:48.146	32.1	79.2	76.9	73.1	

16:07:51.166	32.1	79.5	77.1	73.1	

16:07:54.172	32.1	79.5	77.4	73.1	

16:07:57.198	32.1	79.5	77.1	73.4	

16:08:00.219	32.2	79.5	77.1	73.4	

16:08:03.239	32.3	79.2	77.4	73.4	

16:08:06.274	32.3	79.2	77.1	73.1	

16:08:09.261	32.3	79.2	76.9	73.4	

16:08:12.296	32.7	79.5	77.1	73.4	

16:08:15.312	32.8	78.9	77.4	73.4	

16:08:18.336	32.9	79.2	77.4	73.1	

16:08:21.356	32.8	78.9	76.9	73.1	

16:08:24.376	32.7	78.6	77.1	72.9	

16:08:27.396	33.0	78.6	76.6	73.1	

16:08:30.406	33.1	79.2	76.6	73.1	

16:08:33.429	33.0	79.2	76.9	73.1	

16:08:36.446	32.9	79.2	77.1	73.4	

16:08:39.465	32.9	79.5	77.1	73.4	

16:08:42.480	32.9	79.2	77.1	73.1	

16:08:45.496	33.0	79.2	77.1	73.4	

16:08:48.517	33.1	79.2	77.1	73.4	

16:08:51.556	33.3	79.2	77.1	73.1	

16:08:54.559	33.3	79.2	77.1	73.4	

16:08:57.589	33.3	79.5	77.1	73.4	

16:09:00.598	33.3	79.2	76.9	73.1	

16:09:03.618	33.5	79.2	76.9	73.1	

16:09:06.626	33.4	79.2	76.9	73.1	

16:09:09.639	33.4	78.9	76.9	73.1	

16:09:12.685	33.3	79.2	76.9	73.1	

16:09:15.682	33.2	78.6	76.9	73.1	

16:09:18.705	33.0	78.9	76.6	73.1	

16:09:21.719	32.9	78.9	76.6	73.1	

16:09:24.746	32.8	78.9	76.3	72.9	

16:09:27.761	32.6	78.9	76.6	73.1	

16:09:30.776	32.6	78.6	76.3	73.1	

16:09:33.792	32.5	79.2	76.6	73.4	

16:09:36.808	32.5	79.2	76.6	73.1	

16:09:39.841	32.4	79.2	76.6	73.1	

16:09:42.886	32.3	78.9	76.9	72.9	

16:09:45.886	32.3	78.9	76.9	73.1	

16:09:48.892	32.3	78.9	76.9	72.9	

16:09:51.908	32.2	79.2	76.9	73.1	

16:09:54.929	32.3	78.6	76.6	73.1	

16:09:57.948	32.3	78.9	76.6	72.9	

16:10:00.969	32.3	78.9	76.3	73.1	

16:10:03.982	32.3	78.6	76.3	72.9	

16:10:07.029	32.3	78.3	76.3	72.9	

16:10:10.018	32.2	78.3	76.0	72.6	

16:10:13.047	32.2	78.0	75.7	72.4	

16:10:16.063	32.2	78.0	76.0	72.4	

16:10:19.085	32.2	77.7	75.7	72.6	

16:10:22.097	32.2	77.7	75.7	72.4	

16:10:25.101	32.2	77.7	75.7	72.1	

16:10:28.137	32.1	77.7	75.5	72.4	

16:10:31.166	32.1	77.7	75.7	72.1	

16:10:34.186	32.0	77.7	75.5	72.1	

16:10:37.216	32.0	77.7	75.7	72.1	

16:10:40.201	32.0	77.4	75.5	72.1	

16:10:43.228	32.0	77.1	75.2	71.9	

16:10:46.238	32.0	77.1	75.2	72.1	

16:10:49.260	32.0	77.1	74.9	71.9	

16:10:52.285	32.0	76.9	74.9	71.9	

16:10:55.299	32.0	76.9	74.9	71.7	

16:10:58.309	32.0	76.9	74.9	71.7	

16:11:01.339	32.0	76.9	74.7	71.4	

16:11:04.366	32.0	76.6	74.7	71.7	

16:11:07.369	32.0	76.6	74.7	71.7	

16:11:10.396	32.0	76.3	74.7	71.2	

16:11:13.418	32.0	76.6	74.7	71.4	

16:11:16.424	32.0	76.3	74.4	71.2	

16:11:19.458	32.1	76.3	74.4	71.2	

16:11:22.462	32.1	76.3	74.4	71.4	

16:11:25.489	32.2	76.0	74.2	71.2	

16:11:28.526	32.2	75.7	74.4	71.2	

16:11:31.535	32.1	75.5	74.2	70.9	

16:11:34.550	32.1	75.5	73.9	70.9	

16:11:37.558	32.1	75.5	73.6	70.9	

16:11:40.586	32.1	75.5	73.6	70.7	

16:11:43.606	32.1	75.5	73.6	70.7	

16:11:46.636	32.0	75.2	73.6	70.7	

16:11:49.639	32.1	75.2	73.4	70.7	

16:11:52.656	32.0	75.2	73.4	70.7	

16:11:55.676	32.0	74.9	73.1	70.3	

16:11:58.698	32.0	74.9	73.1	70.5	

16:12:01.705	32.0	74.9	73.1	70.3	

16:12:04.736	32.0	74.9	73.1	70.3	

16:12:07.756	32.0	74.7	72.9	70.3	

16:12:10.765	32.0	74.9	72.9	70.3	

16:12:13.772	32.0	74.7	72.6	70.0	

16:12:16.806	32.0	74.4	72.9	69.8	

16:12:19.826	32.0	74.2	72.6	69.8	

16:12:22.846	32.0	74.2	72.4	69.8	

16:12:25.855	32.0	73.9	72.1	69.6	

16:12:28.876	32.0	73.6	72.1	69.3	

16:12:31.904	32.0	73.4	71.9	69.3	

16:12:34.899	32.0	73.4	71.7	69.3	

16:12:37.921	32.0	73.1	71.9	69.1	

16:12:40.948	32.0	73.4	71.7	69.1	

16:12:43.985	32.0	73.4	71.9	69.1	

16:12:46.982	32.0	73.4	71.7	69.3	

16:12:50.006	32.0	73.4	71.7	69.3	

16:12:53.025	32.0	73.4	71.7	69.1	

16:12:56.055	31.9	73.1	71.7	69.1	

16:12:59.059	31.9	73.4	71.7	68.9	

16:13:02.096	31.9	73.4	71.4	68.9	

16:13:05.108	31.9	73.1	71.4	68.7	

16:13:08.110	31.9	72.9	71.4	68.9	

16:13:11.155	31.9	73.1	71.2	68.7	

16:13:14.155	32.0	73.1	71.2	68.7	

16:13:17.165	32.4	72.6	71.2	68.5	

16:13:20.198	32.5	72.4	70.7	68.7	

16:13:23.216	32.5	72.1	70.9	68.5	

16:13:26.235	32.5	72.1	70.7	68.2	

16:13:29.260	32.4	71.9	70.5	68.2	

16:13:32.265	32.4	71.9	70.5	68.0	

16:13:35.296	32.3	71.7	70.3	68.0	

16:13:38.309	32.3	71.7	70.3	67.8	

16:13:41.328	32.3	71.7	70.3	67.8	

16:13:44.338	32.2	71.7	70.0	67.6	

16:13:47.366	32.1	71.4	70.0	67.6	

16:13:50.378	32.1	71.2	69.8	67.4	

16:13:53.409	32.1	71.4	69.8	67.6	

16:13:56.425	32.1	71.2	70.0	67.6	

16:13:59.436	32.1	71.2	69.8	67.4	

16:14:02.459	32.1	71.2	69.6	67.4	

16:14:05.486	32.0	70.9	69.6	67.2	

16:14:08.506	32.0	70.9	69.3	67.2	

16:14:11.518	32.0	70.7	69.1	67.0	

16:14:14.546	32.0	70.7	69.3	67.2	

16:14:17.548	32.0	70.5	69.1	67.0	

16:14:20.565	32.0	70.5	69.1	66.7	

16:14:23.595	31.9	70.5	69.1	66.7	

16:14:26.602	32.0	70.5	68.9	66.7	

16:14:29.625	31.9	70.3	68.9	66.5	

16:14:32.638	31.9	70.0	68.7	66.5	

16:14:35.659	31.9	69.6	68.5	66.3	

16:14:38.676	32.0	69.8	68.5	66.1	

16:14:41.706	31.9	69.3	68.2	66.1	

16:14:44.726	31.9	69.6	68.2	66.3	

16:14:47.734	32.0	69.3	68.2	66.1	

16:14:50.775	32.0	69.6	68.2	66.1	

16:14:53.762	32.0	69.6	68.2	65.7	

16:14:56.806	32.0	69.6	68.2	65.9	

16:14:59.809	32.1	69.6	68.0	65.9	

16:15:02.836	32.1	69.3	68.0	65.7	

16:15:05.849	32.1	69.1	67.6	65.5	

16:15:08.852	32.1	68.9	67.6	65.7	

16:15:11.896	32.0	68.9	67.6	65.5	

16:15:14.918	32.0	68.7	67.6	65.3	

16:15:17.918	32.2	68.7	67.4	65.3	

16:15:20.945	32.6	68.5	67.2	65.3	

16:15:23.965	32.9	68.7	67.4	65.1	

16:15:26.973	32.8	68.2	67.2	65.1	

16:15:29.997	32.6	68.2	67.2	64.9	

16:15:33.015	32.5	68.2	67.0	64.7	

16:15:36.035	32.4	68.2	67.0	64.7	

16:15:39.056	32.6	68.0	67.0	64.7	

16:15:42.079	33.1	67.8	66.7	64.5	

16:15:45.088	33.1	67.8	66.7	64.5	

16:15:48.102	33.3	67.6	66.5	64.5	

16:15:51.120	33.2	67.4	66.5	64.3	

16:15:54.141	33.2	67.6	66.3	64.3	

16:15:57.176	33.1	67.4	66.1	64.3	

16:16:00.196	33.1	67.0	66.1	64.1	

16:16:03.196	33.1	67.0	65.9	63.9	

16:16:06.215	33.0	67.0	65.7	63.9	

16:16:09.254	32.9	67.0	65.7	63.8	

16:16:12.255	32.8	66.7	65.5	63.9	

16:16:15.306	32.6	66.7	65.5	63.8	

16:16:18.305	32.5	66.7	65.7	63.8	

16:16:21.307	32.5	66.7	65.5	63.6	

16:16:24.325	32.3	66.5	65.3	63.4	

16:16:27.346	32.3	66.5	65.3	63.6	

16:16:30.366	32.2	66.3	65.1	63.2	

16:16:33.395	32.2	66.1	65.1	63.4	

16:16:36.409	32.1	65.9	64.9	63.2	

16:16:39.422	32.1	65.9	64.7	63.0	

16:16:42.468	32.1	65.7	64.7	63.0	

16:16:45.466	32.1	65.7	64.5	62.8	

16:16:48.490	32.1	65.5	64.5	62.6	

16:16:51.496	32.0	65.5	64.3	62.6	

16:16:54.526	32.1	65.5	64.3	62.6	

16:16:57.535	32.0	65.3	64.5	62.4	

16:17:00.565	32.2	65.5	64.3	62.4	

16:17:03.563	32.3	65.5	64.1	62.4	

16:17:06.590	32.9	65.3	64.3	62.3	

16:17:09.615	33.0	65.3	64.3	62.3	

16:17:12.626	32.9	65.1	63.9	62.3	

16:17:15.652	32.8	65.1	64.1	62.3	

16:17:18.656	32.7	65.1	63.9	62.3	

16:17:21.683	32.6	64.9	63.9	62.1	

16:17:24.705	32.4	64.9	63.8	62.1	

16:17:27.719	32.3	64.5	63.8	61.9	

16:17:30.736	32.2	64.5	63.6	61.9	

16:17:33.775	32.2	64.5	63.4	61.7	

16:17:36.775	32.2	64.3	63.4	61.7	

16:17:39.795	32.2	64.3	63.4	61.5	

16:17:42.809	32.1	64.1	63.2	61.3	

16:17:45.836	32.1	64.1	63.0	61.3	

16:17:48.866	32.1	63.9	63.0	61.3	

16:17:51.879	32.1	63.8	62.8	61.3	

16:17:54.899	32.0	63.8	62.8	61.2	

16:17:57.906	32.0	63.8	62.8	61.2	

16:18:00.945	32.0	63.8	62.8	61.0	

16:18:03.941	32.0	63.8	62.6	61.2	

16:18:06.970	32.0	63.6	62.6	61.0	

16:18:09.977	32.0	63.6	62.6	60.8	

16:18:13.006	32.0	63.4	62.4	60.6	

16:18:16.011	32.0	63.2	62.3	60.6	

16:18:19.046	32.0	63.2	62.1	60.6	

16:18:22.075	32.0	63.0	62.1	60.5	

16:18:25.095	32.0	62.8	61.9	60.3	

16:18:28.089	32.0	62.8	61.9	60.3	

16:18:31.120	32.2	62.6	61.9	60.1	

16:18:34.145	32.1	62.8	61.7	60.1	

16:18:37.138	32.1	62.6	61.7	59.9	

16:18:40.175	32.1	62.3	61.5	59.8	

16:18:43.196	32.0	62.3	61.3	59.8	

16:18:46.200	31.9	62.1	61.3	59.8	

16:18:49.245	31.9	62.1	61.3	59.8	

16:18:52.229	31.9	62.1	61.2	59.6	

16:18:55.276	31.9	61.9	61.2	59.4	

16:18:58.295	32.1	62.1	61.2	59.6	

16:19:01.307	32.1	61.9	61.2	59.4	

16:19:04.337	32.2	62.1	61.0	59.4	

16:19:07.345	32.3	61.9	60.8	59.4	

16:19:10.365	32.3	61.9	60.8	59.3	

16:19:13.385	32.2	61.7	60.8	59.3	

16:19:16.395	32.2	61.5	60.6	59.1	

16:19:19.415	32.1	61.3	60.5	58.9	

16:19:22.436	32.0	61.2	60.5	59.1	

16:19:25.455	32.0	61.2	60.5	58.9	

16:19:28.468	32.0	61.2	60.3	58.9	

16:19:31.483	32.0	61.2	60.3	58.8	

16:19:34.505	31.9	61.0	60.1	58.8	

16:19:37.530	31.9	61.0	60.3	58.8	

16:19:40.548	31.9	61.0	60.3	58.8	

16:19:43.566	32.0	61.0	60.1	58.6	

16:19:46.595	32.0	61.0	60.1	58.6	

16:19:49.604	32.0	60.8	60.1	58.4	

16:19:52.620	32.0	60.8	59.8	58.4	

16:19:55.646	32.0	60.6	59.9	58.4	

16:19:58.666	31.9	60.6	59.8	58.3	

16:20:01.685	31.9	60.3	59.6	58.1	

16:20:04.695	31.9	60.1	59.4	57.8	

16:20:07.725	31.8	60.1	59.4	57.9	

16:20:10.745	31.8	60.1	59.4	57.8	

16:20:13.748	31.8	59.9	59.4	57.8	

16:20:16.766	31.8	59.9	59.4	57.8	

16:20:19.783	32.0	59.9	59.4	57.6	

16:20:22.805	32.1	59.9	59.3	57.6	

16:20:25.823	32.1	59.8	59.1	57.5	

16:20:28.839	32.1	59.8	58.9	57.5	

16:20:31.859	32.1	59.4	58.8	57.3	

16:20:34.875	32.1	59.4	58.8	57.3	

16:20:37.885	32.0	59.4	58.9	57.3	

16:20:40.918	32.0	59.4	58.8	57.1	

16:20:43.932	32.0	59.3	58.6	57.1	

16:20:46.957	31.9	59.1	58.4	57.1	

16:20:49.990	31.9	59.1	58.4	57.1	

16:20:53.005	31.9	59.1	58.4	57.0	

16:20:56.001	31.9	59.1	58.1	56.8	

16:20:59.038	31.8	58.9	58.3	56.8	

16:21:02.045	31.8	58.9	58.1	56.8	

16:21:05.065	31.8	58.8	58.1	56.7	

16:21:08.072	31.8	58.6	58.1	56.5	

16:21:11.107	31.8	58.6	57.9	56.5	

16:21:14.135	31.8	58.6	57.9	56.5	

16:21:17.150	31.8	58.4	57.8	56.5	

16:21:20.165	31.8	58.4	57.9	56.5	

16:21:23.188	31.9	58.4	57.6	56.5	

16:21:26.196	31.8	58.4	57.6	56.3	

16:21:29.235	31.8	58.1	57.5	56.2	

16:21:32.225	31.8	58.1	57.5	56.2	

16:21:35.242	31.8	58.1	57.5	56.2	

16:21:38.268	31.8	58.1	57.3	56.0	

16:21:41.295	31.8	57.9	57.3	55.9	

16:21:44.305	31.8	57.8	57.1	55.9	

16:21:47.322	31.8	57.8	57.1	55.7	

16:21:50.345	31.8	57.6	57.0	55.7	

16:21:53.365	31.8	57.6	57.0	55.7	

16:21:56.399	31.8	57.5	56.8	55.6	

16:21:59.407	31.8	57.5	56.8	55.6	

16:22:02.415	31.8	57.5	56.8	55.6	

16:22:05.437	31.8	57.5	56.8	55.6	

16:22:08.469	31.8	57.5	56.7	55.4	

16:22:11.485	31.8	57.3	56.8	55.3	

16:22:14.505	31.8	57.1	56.5	55.3	

16:22:17.515	31.9	57.3	56.5	55.3	

16:22:20.526	31.9	57.3	56.5	55.3	

16:22:23.565	31.9	57.1	56.5	55.3	

16:22:26.565	31.8	57.1	56.5	55.1	

16:22:29.596	31.9	57.0	56.3	55.0	

16:22:32.607	31.8	57.0	56.2	55.0	

16:22:35.620	31.8	56.8	56.2	54.8	

16:22:38.659	31.8	56.7	56.2	54.8	

16:22:41.654	31.9	56.7	56.0	54.8	

16:22:44.695	31.8	56.5	56.0	54.7	

16:22:47.705	31.8	56.5	55.9	54.7	

16:22:50.725	31.8	56.5	55.7	54.5	

16:22:53.727	31.8	56.3	55.7	54.7	

16:22:56.757	31.8	56.3	55.6	54.5	

16:22:59.785	31.8	56.2	55.6	54.4	

16:23:02.792	31.8	56.0	55.4	54.4	

16:23:05.808	31.8	56.0	55.4	54.2	

16:23:08.820	31.8	56.0	55.6	54.2	

16:23:11.855	31.8	55.9	55.4	54.1	

16:23:14.858	31.8	56.0	55.4	54.1	

16:23:17.882	31.8	56.0	55.3	54.1	

16:23:20.905	31.8	55.9	55.1	54.1	

16:23:23.935	31.8	55.7	55.1	54.1	

16:23:26.946	31.8	55.7	55.0	53.9	

16:23:29.975	31.8	55.7	55.1	53.9	

16:23:32.985	31.8	55.6	55.0	53.8	

16:23:36.000	31.8	55.4	54.8	53.8	

16:23:39.010	31.8	55.4	54.8	53.6	

16:23:42.037	31.8	55.3	54.8	53.8	

16:23:45.047	31.8	55.4	54.8	53.6	

16:23:48.059	31.8	55.3	54.7	53.5	

16:23:51.090	31.8	55.3	54.7	53.5	

16:23:54.107	31.8	55.1	54.5	53.3	

16:23:57.127	31.8	55.1	54.4	53.5	

16:24:00.165	31.8	55.0	54.4	53.2	

16:24:03.165	31.8	55.0	54.4	53.2	

16:24:06.195	31.8	55.0	54.2	53.1	

16:24:09.205	31.8	54.8	54.2	53.1	

16:24:12.216	31.8	54.8	54.2	53.1	

16:24:15.240	31.8	54.8	54.2	53.1	

16:24:18.258	31.8	54.8	54.2	53.1	

16:24:21.286	31.8	54.7	54.1	52.9	

16:24:24.305	31.8	54.5	54.1	52.9	

16:24:27.325	31.8	54.5	54.1	52.9	

16:24:30.345	31.8	54.5	53.9	52.8	

16:24:33.365	31.8	54.5	53.9	52.6	

16:24:36.372	31.8	54.5	53.8	52.8	

16:24:39.405	31.8	54.4	53.9	52.8	

16:24:42.407	31.8	54.2	53.8	52.6	

16:24:45.419	31.8	54.4	53.8	52.6	

16:24:48.450	31.8	54.2	53.8	52.5	

16:24:51.467	31.8	54.2	53.6	52.3	

16:24:54.479	31.8	53.9	53.5	52.1	

16:24:57.497	31.8	53.8	53.3	52.2	

16:25:00.512	31.8	53.8	53.2	52.2	

16:25:03.545	31.8	53.6	53.1	51.9	

16:25:06.547	31.8	53.6	53.1	51.9	

16:25:09.585	31.8	53.6	53.1	51.9	

16:25:12.597	31.8	53.6	53.1	51.9	

16:25:15.607	31.8	53.5	53.1	51.9	

16:25:18.665	32.0	53.5	52.8	51.9	

16:25:21.649	32.1	53.5	52.8	51.8	

16:25:24.687	32.1	53.5	52.8	51.8	

16:25:27.695	32.1	53.3	52.8	51.6	

16:25:30.705	32.0	53.3	52.8	51.6	

16:25:33.725	32.0	53.2	52.6	51.6	

16:25:36.745	31.9	53.2	52.5	51.5	

16:25:39.775	31.9	53.1	52.5	51.5	

16:25:42.785	31.8	52.9	52.5	51.5	

16:25:45.815	31.8	52.9	52.3	51.4	

16:25:48.815	31.8	52.9	52.5	51.4	

16:25:51.827	31.8	52.9	52.3	51.2	

16:25:54.866	31.8	52.8	52.3	51.2	

16:25:57.875	31.8	52.8	52.3	51.2	

16:26:00.895	31.8	52.8	52.3	51.1	

16:26:03.901	31.8	52.8	52.3	51.1	

16:26:06.929	31.8	52.8	52.2	51.1	

16:26:09.955	31.8	52.6	52.2	51.1	

16:26:12.968	31.8	52.5	52.1	51.0	

16:26:15.988	31.8	52.5	52.1	50.8	

16:26:18.997	31.8	52.5	52.1	50.8	

16:26:22.025	31.9	52.5	51.9	50.8	

16:26:25.055	31.9	52.5	51.8	50.8	

16:26:28.058	31.9	52.3	51.8	50.8	

16:26:31.070	31.9	52.2	51.9	50.6	

16:26:34.095	31.8	52.3	51.8	50.7	

16:26:37.108	31.9	52.2	51.5	50.6	

16:26:40.137	31.9	52.2	51.6	50.6	

16:26:43.157	31.9	52.1	51.5	50.4	

16:26:46.178	31.8	51.9	51.5	50.4	

16:26:49.210	31.8	51.9	51.5	50.4	

16:26:52.215	31.8	51.8	51.4	50.4	

16:26:55.245	31.8	51.8	51.4	50.3	

16:26:58.247	31.8	51.8	51.2	50.3	

16:27:01.269	31.8	51.6	51.2	50.3	

16:27:04.287	31.8	51.6	51.2	50.2	

16:27:07.315	31.8	51.5	51.1	50.2	

16:27:10.325	31.8	51.4	51.1	50.2	

16:27:13.345	31.8	51.5	51.0	50.0	

16:27:16.367	31.8	51.4	51.0	50.0	

16:27:19.377	31.8	51.4	50.8	49.9	

16:27:22.405	31.8	51.2	50.8	49.9	

16:27:25.417	31.8	51.2	50.8	49.9	

16:27:28.437	31.8	51.1	50.7	49.8	

16:27:31.467	31.8	51.1	50.7	49.8	

16:27:34.479	31.8	51.1	50.7	49.8	

16:27:37.487	31.8	51.1	50.6	49.6	

16:27:40.517	31.8	51.0	50.7	49.6	

16:27:43.531	31.8	51.0	50.6	49.6	

16:27:46.545	31.8	51.0	50.6	49.5	

16:27:49.565	31.8	50.8	50.6	49.6	

16:27:52.585	31.9	50.8	50.4	49.5	

16:27:55.589	32.1	50.8	50.4	49.5	

16:27:58.625	32.2	50.7	50.3	49.5	

16:28:01.665	32.3	50.7	50.4	49.5	

16:28:04.655	32.2	50.7	50.3	49.4	

16:28:07.671	32.2	50.7	50.3	49.4	

16:28:10.695	32.1	50.6	50.3	49.2	

16:28:13.717	32.0	50.4	50.2	49.2	

16:28:16.743	32.0	50.4	50.0	49.1	

16:28:19.765	31.9	50.3	50.0	49.1	

16:28:22.765	31.9	50.3	49.9	49.0	

16:28:25.795	31.9	50.3	49.8	49.0	

16:28:28.802	31.9	50.2	49.8	49.0	

16:28:31.827	31.8	50.2	49.8	49.0	

16:28:34.845	31.8	50.2	49.9	48.8	

16:28:37.879	31.8	50.2	49.8	48.8	

16:28:40.877	31.8	50.0	49.8	48.8	

16:28:43.915	31.8	50.0	49.8	48.7	

16:28:46.925	31.8	49.9	49.5	48.6	

16:28:49.935	31.8	50.0	49.6	48.7	

16:28:52.955	31.8	50.0	49.6	48.6	

16:28:55.985	31.8	49.8	49.5	48.6	

16:28:59.000	31.8	49.8	49.5	48.6	

16:29:02.025	31.9	49.8	49.4	48.5	

16:29:05.035	31.9	49.6	49.4	48.3	

16:29:08.045	31.8	49.6	49.2	48.3	

16:29:11.059	31.8	49.5	49.2	48.3	

16:29:14.090	31.8	49.5	49.1	48.2	

16:29:17.106	31.8	49.4	49.1	48.2	

16:29:20.125	31.8	49.4	49.1	48.2	

16:29:23.141	31.8	49.4	49.0	48.2	

16:29:26.175	31.8	49.2	48.8	48.1	

16:29:29.175	31.8	49.2	48.8	47.9	

16:29:32.189	31.8	49.2	48.8	47.9	

16:29:35.225	31.8	49.2	48.8	47.9	

16:29:38.235	31.8	49.2	48.8	47.9	

16:29:41.255	31.8	49.2	48.8	47.9	

16:29:44.285	31.8	49.1	48.8	47.8	

16:29:47.295	31.8	49.1	48.6	47.7	

16:29:50.297	31.8	49.1	48.7	47.8	

16:29:53.335	31.8	49.0	48.7	47.7	

16:29:56.347	31.8	49.0	48.6	47.7	

16:29:59.375	31.8	49.0	48.6	47.7	

16:30:02.415	31.8	49.0	48.5	47.7	

16:30:05.415	31.8	48.8	48.5	47.6	

16:30:08.419	31.8	48.8	48.5	47.6	

16:30:11.438	31.8	48.7	48.5	47.6	

16:30:14.465	31.8	48.7	48.3	47.6	

16:30:17.485	31.8	48.7	48.3	47.4	

16:30:20.525	31.8	48.6	48.3	47.4	

16:30:23.525	31.8	48.6	48.3	47.3	

16:30:26.525	31.8	48.6	48.2	47.3	

16:30:29.555	31.8	48.5	48.2	47.3	

16:30:32.567	31.8	48.3	48.1	47.3	

16:30:35.571	31.8	48.5	48.1	47.3	

16:30:38.602	31.8	48.5	48.1	47.2	

16:30:41.620	31.8	48.3	47.9	47.2	

16:30:44.637	31.8	48.2	47.9	47.1	

16:30:47.661	31.8	48.2	47.8	47.1	

16:30:50.678	31.8	48.1	47.7	47.1	

16:30:53.696	31.8	48.1	47.8	46.9	

16:30:56.725	31.8	48.1	47.7	46.9	

16:30:59.737	31.8	48.1	47.7	46.8	

16:31:02.768	31.8	47.9	47.6	46.8	

16:31:05.776	31.8	47.9	47.6	46.8	

16:31:08.795	31.8	47.8	47.6	46.8	

16:31:11.810	31.8	47.8	47.6	46.8	

16:31:14.827	31.8	47.8	47.6	46.8	

16:31:17.858	31.8	47.8	47.6	46.8	

16:31:20.875	31.8	47.8	47.6	46.7	

16:31:23.888	31.8	47.8	47.6	46.8	

16:31:26.907	31.8	47.7	47.4	46.7	

16:31:29.921	31.8	47.7	47.4	46.7	

16:31:32.937	31.8	47.7	47.3	46.6	

16:31:35.955	31.8	47.7	47.3	46.6	

16:31:38.987	31.8	47.6	47.3	46.4	

16:31:42.007	31.8	47.6	47.2	46.4	

16:31:45.017	31.8	47.4	47.2	46.4	

16:31:48.031	31.8	47.4	47.2	46.3	

16:31:51.057	31.8	47.4	47.1	46.3	

16:31:54.059	31.8	47.3	46.9	46.3	

16:31:57.091	31.8	47.3	46.9	46.2	

16:32:00.108	31.8	47.2	46.9	46.1	

16:32:03.121	31.8	47.2	46.9	46.1	

16:32:06.155	31.8	47.1	46.8	46.0	

16:32:09.187	31.8	47.1	46.7	46.0	

16:32:12.185	31.8	47.1	46.7	46.0	

16:32:15.205	31.8	47.1	46.8	46.0	

16:32:18.218	31.8	47.1	46.7	46.0	

16:32:21.234	31.8	47.1	46.7	45.8	

16:32:24.267	31.8	46.9	46.7	46.0	

16:32:27.285	31.8	46.9	46.7	45.8	

16:32:30.297	31.8	46.9	46.7	45.8	

16:32:33.316	31.8	46.8	46.6	45.7	

16:32:36.348	31.8	46.8	46.6	45.7	

16:32:39.355	31.8	46.8	46.4	45.7	

16:32:42.369	31.8	46.7	46.4	45.6	

16:32:45.389	31.8	46.7	46.4	45.7	

16:32:48.406	31.8	46.7	46.3	45.6	

16:32:51.425	31.8	46.6	46.3	45.6	

16:32:54.447	31.8	46.6	46.3	45.6	

16:32:57.468	31.8	46.6	46.3	45.5	

16:33:00.487	31.8	46.6	46.2	45.5	

16:33:03.505	31.9	46.6	46.2	45.5	

16:33:06.527	31.9	46.4	46.2	45.5	

16:33:09.555	31.9	46.3	46.2	45.4	

16:33:12.559	31.8	46.4	46.1	45.4	

16:33:15.575	31.9	46.3	46.1	45.5	

16:33:18.585	31.8	46.3	46.1	45.4	

16:33:21.626	31.8	46.2	46.1	45.2	

16:33:24.625	31.8	46.3	46.0	45.2	

16:33:27.655	31.8	46.2	46.0	45.1	

16:33:30.667	31.8	46.2	45.8	45.2	

16:33:33.696	31.8	46.2	46.0	45.1	

16:33:36.709	31.8	46.1	45.8	45.1	

16:33:39.711	31.8	46.1	45.8	45.1	

16:33:42.738	31.8	46.1	45.7	45.0	

16:33:45.768	31.8	46.0	45.7	45.0	

16:33:48.787	31.8	46.0	45.7	45.0	

16:33:51.805	31.8	46.0	45.7	45.0	

16:33:54.812	31.8	45.8	45.6	44.9	

16:33:57.838	31.8	45.8	45.6	45.0	

16:34:00.867	31.8	45.8	45.6	44.9	

16:34:03.877	31.8	45.8	45.6	44.9	

16:34:06.894	31.8	45.8	45.6	44.9	

16:34:09.908	31.8	45.8	45.6	44.9	

16:34:12.925	31.8	45.8	45.6	44.8	

16:34:15.941	31.8	45.7	45.5	44.9	

16:34:18.965	31.8	45.7	45.5	44.8	

16:34:21.985	31.8	45.6	45.5	44.8	

16:34:25.025	31.8	45.6	45.4	44.6	

16:34:28.037	31.8	45.5	45.2	44.6	

16:34:31.056	31.8	45.5	45.2	44.5	

16:34:34.059	31.8	45.4	45.2	44.5	

16:34:37.107	31.8	45.5	45.2	44.5	

16:34:40.095	31.8	45.5	45.2	44.5	

16:34:43.105	31.8	45.4	45.1	44.5	

16:34:46.117	31.8	45.4	45.1	44.4	

16:34:49.155	31.8	45.4	45.1	44.4	

16:34:52.178	31.8	45.2	45.1	44.4	

16:34:55.179	31.8	45.2	45.0	44.3	

16:34:58.216	31.8	45.1	45.0	44.3	

16:35:01.215	31.8	45.1	44.9	44.3	

16:35:04.264	31.8	45.1	44.9	44.3	

16:35:07.266	31.8	45.1	44.9	44.2	

16:35:10.277	31.8	45.1	44.9	44.2	

16:35:13.306	31.8	45.0	44.8	44.2	

16:35:16.314	31.8	45.0	44.8	44.1	

16:35:19.345	31.7	44.9	44.9	44.1	

16:35:22.365	31.8	44.9	44.6	43.9	

16:35:25.385	31.8	45.0	44.6	44.1	

16:35:28.396	31.7	44.9	44.8	43.9	

16:35:31.405	31.7	44.9	44.8	43.9	

16:35:34.434	31.8	44.9	44.6	43.9	

16:35:37.447	31.8	44.9	44.6	43.8	

16:35:40.469	31.7	44.8	44.5	43.8	

16:35:43.507	31.7	44.8	44.5	43.8	

16:35:46.507	31.8	44.8	44.6	43.8	

16:35:49.510	31.8	44.6	44.5	43.8	

16:35:52.551	31.8	44.6	44.5	43.8	

16:35:55.587	31.8	44.6	44.5	43.7	

16:35:58.586	31.8	44.6	44.4	43.7	

16:36:01.594	31.8	44.6	44.5	43.7	

16:36:04.635	31.8	44.6	44.4	43.7	

16:36:07.645	31.8	44.5	44.3	43.7	

16:36:10.651	31.8	44.5	44.3	43.6	

16:36:13.677	31.8	44.4	44.2	43.6	

16:36:16.688	31.8	44.4	44.3	43.5	

16:36:19.735	31.8	44.3	44.2	43.5	

16:36:22.736	31.8	44.3	44.2	43.5	

16:36:25.747	31.8	44.3	44.1	43.4	

16:36:28.766	31.8	44.3	44.2	43.5	

16:36:31.793	31.8	44.2	44.1	43.5	

16:36:34.805	31.8	44.2	44.1	43.5	

16:36:37.824	31.8	44.3	44.1	43.4	

16:36:40.835	31.8	44.2	44.1	43.5	

16:36:43.857	31.8	44.2	44.1	43.4	

16:36:46.877	31.8	44.2	43.9	43.3	

16:36:49.896	31.8	44.2	43.9	43.4	

16:36:52.945	31.8	44.1	43.9	43.3	

16:36:55.933	31.8	44.2	43.8	43.3	

16:36:58.957	31.8	44.1	43.8	43.3	

16:37:01.996	31.8	44.1	43.8	43.3	

16:37:04.987	31.8	43.9	43.7	43.1	

16:37:08.024	31.8	43.9	43.8	43.1	

16:37:11.027	31.8	43.9	43.7	43.0	

16:37:14.045	31.8	43.8	43.7	43.0	

16:37:17.064	31.8	43.8	43.6	43.0	

16:37:20.095	31.8	43.8	43.6	42.9	

16:37:23.101	31.8	43.8	43.6	42.9	

16:37:26.126	31.8	43.7	43.6	42.9	

16:37:29.147	31.8	43.6	43.5	42.9	

16:37:32.154	31.8	43.6	43.5	42.9	

16:37:35.177	31.8	43.6	43.5	42.9	

16:37:38.197	31.8	43.7	43.5	42.8	

16:37:41.215	31.8	43.6	43.5	42.8	

16:37:44.245	31.8	43.6	43.4	42.9	

16:37:47.255	31.8	43.5	43.4	42.8	

16:37:50.259	31.8	43.5	43.4	42.7	

16:37:53.297	31.8	43.5	43.3	42.7	

16:37:56.320	31.8	43.4	43.3	42.6	

16:37:59.324	31.8	43.5	43.3	42.6	

16:38:02.358	31.9	43.5	43.3	42.7	

16:38:05.365	32.0	43.4	43.3	42.7	

16:38:08.395	32.0	43.4	43.3	42.6	

16:38:11.404	32.0	43.3	43.3	42.6	

16:38:14.422	31.9	43.4	43.1	42.6	

16:38:17.447	31.9	43.4	43.1	42.6	

16:38:20.450	32.0	43.3	43.1	42.5	

16:38:23.486	32.0	43.3	43.3	42.5	

16:38:26.517	31.9	43.3	43.1	42.5	

16:38:29.519	31.9	43.3	43.0	42.5	

16:38:32.534	31.9	43.3	43.0	42.5	

16:38:35.550	31.8	43.1	43.0	42.5	

16:38:38.564	31.8	43.0	42.9	42.3	

16:38:41.575	31.9	43.1	42.9	42.3	

16:38:44.617	31.8	43.1	42.9	42.3	

16:38:47.624	31.9	43.0	42.9	42.3	

16:38:50.666	31.8	42.9	42.9	42.3	

16:38:53.697	31.8	42.8	42.7	42.1	

16:38:56.685	31.8	42.8	42.7	42.0	

16:38:59.698	31.8	42.8	42.7	42.0	

16:39:02.715	31.8	42.8	42.7	42.0	

16:39:05.735	31.8	42.7	42.6	41.9	

16:39:08.762	31.8	42.7	42.6	41.9	

16:39:11.769	31.8	42.8	42.6	42.0	

16:39:14.798	31.8	42.7	42.6	42.0	

16:39:17.809	31.8	42.7	42.5	41.9	

16:39:20.845	31.7	42.7	42.6	42.0	

16:39:23.844	31.7	42.7	42.5	41.9	

16:39:26.867	31.8	42.7	42.6	41.9	

16:39:29.885	31.8	42.6	42.6	41.9	

16:39:32.907	31.8	42.7	42.5	41.9	

16:39:35.920	31.8	42.6	42.6	41.8	

16:39:38.951	31.8	42.6	42.5	41.8	

16:39:41.977	31.8	42.6	42.5	41.8	

16:39:44.994	31.8	42.5	42.3	41.8	

16:39:47.996	31.8	42.5	42.5	41.8	

16:39:51.010	31.8	42.3	42.2	41.7	

16:39:54.032	31.8	42.5	42.2	41.7	

16:39:57.066	31.8	42.3	42.3	41.6	

16:40:00.081	31.8	42.2	42.2	41.6	

16:40:03.089	31.8	42.2	42.2	41.6	

16:40:06.101	31.8	42.2	42.1	41.5	

16:40:09.140	31.8	42.2	42.1	41.5	

16:40:12.152	31.8	42.2	42.0	41.5	

16:40:15.165	31.8	42.1	42.0	41.5	

16:40:18.189	31.8	42.1	42.1	41.5	

16:40:21.231	31.8	42.1	42.1	41.5	

16:40:24.215	31.8	42.1	42.0	41.5	

16:40:27.238	31.8	42.1	42.0	41.5	

16:40:30.262	31.8	42.1	42.0	41.4	

16:40:33.285	31.8	42.0	41.9	41.2	

16:40:36.305	31.7	42.0	41.9	41.4	

16:40:39.318	31.7	42.0	42.0	41.4	

16:40:42.339	31.7	42.0	41.9	41.4	

16:40:45.375	31.8	42.0	41.8	41.2	

16:40:48.370	31.8	42.0	41.9	41.4	

16:40:51.405	31.8	42.0	41.8	41.2	

16:40:54.417	31.8	41.9	41.8	41.1	

16:40:57.436	31.7	41.9	41.7	41.2	

16:41:00.455	31.8	41.9	41.7	41.1	

16:41:03.471	31.7	41.8	41.7	41.1	

16:41:06.480	31.7	41.8	41.7	41.1	

16:41:09.504	31.7	41.8	41.7	41.0	

16:41:12.537	31.7	41.8	41.6	41.0	

16:41:15.547	31.7	41.8	41.7	41.0	

16:41:18.565	31.6	41.7	41.6	41.0	

16:41:21.578	31.7	41.7	41.6	40.9	

16:41:24.595	31.7	41.7	41.5	40.9	

16:41:27.606	31.7	41.7	41.6	40.9	

16:41:30.667	31.6	41.7	41.5	40.8	

16:41:33.642	31.6	41.6	41.5	40.9	

16:41:36.675	31.6	41.6	41.5	40.8	

16:41:39.687	31.6	41.6	41.5	40.8	

16:41:42.698	31.7	41.4	41.4	40.8	

16:41:45.734	31.6	41.5	41.2	40.7	

16:41:48.748	31.6	41.4	41.2	40.7	

16:41:51.775	31.6	41.2	41.2	40.6	

16:41:54.785	31.6	41.2	41.1	40.6	

16:41:57.815	31.6	41.2	41.1	40.7	

16:42:00.809	31.6	41.2	41.1	40.7	

16:42:03.820	31.7	41.1	41.1	40.6	

16:42:06.865	31.6	41.2	41.0	40.6	

16:42:09.870	31.7	41.1	41.0	40.5	

16:42:12.905	31.7	41.1	41.0	40.5	

16:42:15.927	31.7	41.1	41.0	40.6	

16:42:18.920	31.7	41.1	41.1	40.6	

16:42:21.948	31.7	41.1	41.0	40.6	

16:42:24.967	31.7	41.1	41.0	40.5	

16:42:27.987	31.7	41.1	41.0	40.6	

16:42:31.014	31.7	41.1	41.0	40.5	

16:42:34.035	31.7	41.1	41.0	40.5	

16:42:37.045	31.7	41.1	41.0	40.5	

16:42:40.054	31.8	41.1	41.0	40.5	

16:42:43.078	31.9	41.1	41.0	40.5	

16:42:46.098	31.9	41.1	41.0	40.5	

16:42:49.104	31.8	41.0	40.9	40.4	

16:42:52.139	31.8	41.0	40.9	40.4	

16:42:55.157	31.8	40.9	40.8	40.4	

16:42:58.171	31.8	41.0	40.9	40.4	

16:43:01.195	31.8	40.9	40.8	40.4	

16:43:04.217	31.8	40.9	40.8	40.4	

16:43:07.234	31.8	40.9	40.8	40.4	

16:43:10.248	31.7	40.9	40.8	40.4	

16:43:13.276	31.8	40.9	40.8	40.4	

16:43:16.295	31.8	40.9	40.8	40.3	

16:43:19.315	31.8	40.9	40.8	40.3	

16:43:22.337	31.8	40.8	40.8	40.3	

16:43:25.354	31.8	40.8	40.7	40.3	

16:43:28.375	31.8	40.8	40.8	40.3	

16:43:31.387	31.8	40.8	40.7	40.3	

16:43:34.407	31.8	40.8	40.7	40.2	

16:43:37.420	31.7	40.8	40.7	40.2	

16:43:40.437	31.8	40.8	40.7	40.0	

16:43:43.450	31.8	40.8	40.6	40.2	

16:43:46.494	31.8	40.6	40.6	40.0	

16:43:49.496	31.8	40.6	40.6	40.0	

16:43:52.516	31.8	40.7	40.6	40.0	

16:43:55.535	31.8	40.6	40.5	40.0	

16:43:58.545	31.8	40.6	40.5	40.0	

16:44:01.560	31.8	40.6	40.5	40.0	

16:44:04.595	31.7	40.6	40.5	39.9	

16:44:07.607	31.7	40.6	40.5	39.9	

16:44:10.620	31.8	40.5	40.4	39.9	

16:44:13.666	31.8	40.6	40.4	40.0	

16:44:16.657	31.7	40.5	40.4	39.8	

16:44:19.674	31.7	40.5	40.4	39.8	

16:44:22.705	31.7	40.5	40.4	39.8	

16:44:25.716	31.7	40.4	40.3	39.8	

16:44:28.737	31.7	40.5	40.3	39.7	

16:44:31.754	31.8	40.5	40.4	39.8	

16:44:34.796	31.7	40.4	40.4	39.7	

16:44:37.795	31.8	40.4	40.3	39.8	

16:44:40.809	31.8	40.3	40.3	39.7	

16:44:43.846	31.8	40.3	40.3	39.7	

16:44:46.845	31.8	40.3	40.3	39.7	

16:44:49.865	31.8	40.3	40.2	39.7	

16:44:52.907	31.8	40.3	40.2	39.6	

16:44:55.915	31.8	40.3	40.2	39.6	

16:44:58.927	31.8	40.2	40.0	39.6	

16:45:01.931	31.8	40.2	40.0	39.5	

16:45:04.967	31.8	40.2	40.0	39.6	

16:45:07.974	31.8	40.2	40.0	39.6	

16:45:10.996	31.8	40.2	40.2	39.5	

16:45:14.008	31.8	40.0	40.0	39.6	

16:45:17.035	31.8	40.0	40.0	39.5	

16:45:20.068	31.7	40.0	39.9	39.5	

16:45:23.086	31.8	40.0	40.0	39.5	

16:45:26.096	31.8	40.0	40.0	39.5	

16:45:29.105	31.8	40.0	39.9	39.5	

16:45:32.136	31.8	39.9	39.9	39.5	

16:45:35.150	31.8	40.0	39.9	39.4	

16:45:38.167	31.8	40.0	39.9	39.4	

16:45:41.197	31.9	40.0	39.9	39.4	

16:45:44.199	32.0	39.9	39.9	39.4	

16:45:47.224	32.0	39.9	39.9	39.4	

16:45:50.239	32.0	39.8	39.8	39.4	

16:45:53.260	31.9	39.9	39.8	39.3	

16:45:56.278	31.9	39.8	39.8	39.3	

16:45:59.305	31.8	39.8	39.8	39.3	

16:46:02.325	31.8	39.8	39.6	39.3	

16:46:05.345	31.8	39.8	39.7	39.3	

16:46:08.345	31.8	39.7	39.7	39.2	

16:46:11.385	31.8	39.7	39.6	39.2	

16:46:14.408	31.8	39.7	39.6	39.2	

16:46:17.425	31.8	39.7	39.6	39.1	

16:46:20.420	31.8	39.7	39.6	39.2	

16:46:23.447	31.8	39.7	39.5	39.1	

16:46:26.487	31.8	39.7	39.6	39.2	

16:46:29.484	31.8	39.7	39.6	39.1	

16:46:32.516	31.8	39.6	39.6	39.2	

16:46:35.540	31.8	39.6	39.5	39.2	

16:46:38.530	31.8	39.5	39.6	39.0	

16:46:41.569	31.8	39.6	39.5	39.0	

16:46:44.578	31.8	39.6	39.5	39.0	

16:46:47.589	31.8	39.6	39.5	39.0	

16:46:50.616	31.8	39.6	39.5	39.0	

16:46:53.644	31.8	39.5	39.5	39.1	

16:46:56.645	31.8	39.5	39.5	39.0	

16:46:59.667	31.8	39.5	39.4	39.1	

16:47:02.680	31.8	39.4	39.4	38.9	

16:47:05.706	31.8	39.3	39.4	38.9	

16:47:08.725	31.8	39.3	39.3	38.9	

16:47:11.750	31.8	39.3	39.3	38.9	

16:47:14.775	31.8	39.3	39.3	38.8	

16:47:17.777	31.8	39.3	39.3	38.8	

16:47:20.824	31.8	39.3	39.3	38.8	

16:47:23.825	31.8	39.3	39.2	38.9	

16:47:26.824	31.8	39.3	39.2	38.9	

16:47:29.856	31.7	39.3	39.3	38.8	

16:47:32.878	31.8	39.3	39.2	38.9	

16:47:35.897	31.8	39.3	39.2	38.8	

16:47:38.918	31.8	39.3	39.2	38.8	

16:47:41.937	31.8	39.2	39.2	38.8	

16:47:44.944	31.7	39.2	39.2	38.8	

16:47:47.965	31.7	39.2	39.1	38.8	

16:47:50.986	31.8	39.2	39.2	38.8	

16:47:54.005	31.7	39.2	39.2	38.7	

16:47:57.034	31.7	39.2	39.2	38.7	

16:48:00.044	31.7	39.1	39.1	38.7	

16:48:03.066	31.8	39.2	39.1	38.7	

16:48:06.075	31.7	39.1	39.1	38.7	

16:48:09.090	31.7	39.1	39.1	38.6	

16:48:12.103	31.7	39.1	39.0	38.6	

16:48:15.136	31.7	39.1	39.0	38.6	

16:48:18.154	31.8	39.1	39.0	38.6	

16:48:21.185	31.7	39.1	39.0	38.6	

16:48:24.184	31.7	39.0	39.0	38.5	

16:48:27.208	31.7	39.0	39.0	38.6	

16:48:30.234	31.7	39.0	38.9	38.6	

16:48:33.264	31.8	39.0	38.9	38.6	

16:48:36.275	31.7	39.0	38.9	38.5	

16:48:39.285	31.7	38.9	38.9	38.5	

16:48:42.305	31.7	38.9	38.9	38.5	

16:48:45.345	31.8	38.9	38.9	38.5	

16:48:48.356	31.8	38.9	38.9	38.5	

16:48:51.367	31.8	38.8	38.9	38.5	

16:48:54.376	31.8	38.9	38.8	38.4	

16:48:57.394	31.8	38.9	38.8	38.4	

16:49:00.406	31.8	38.9	38.9	38.4	

16:49:03.447	31.8	38.8	38.8	38.4	

16:49:06.455	31.8	38.8	38.7	38.4	

16:49:09.464	31.7	38.8	38.8	38.4	

16:49:12.497	31.8	38.8	38.8	38.3	

16:49:15.505	31.7	38.8	38.8	38.3	

16:49:18.523	31.8	38.8	38.8	38.3	

16:49:21.546	31.8	38.7	38.7	38.4	

16:49:24.560	31.7	38.7	38.7	38.3	

16:49:27.574	31.8	38.7	38.7	38.3	

16:49:30.597	31.8	38.7	38.7	38.3	

16:49:33.627	31.7	38.7	38.7	38.1	

16:49:36.645	31.7	38.7	38.7	38.1	

16:49:39.654	31.7	38.7	38.7	38.1	

16:49:42.681	31.8	38.7	38.6	38.1	

16:49:45.687	31.8	38.6	38.7	38.1	

16:49:48.727	31.7	38.7	38.6	38.1	

16:49:51.734	31.7	38.7	38.6	38.1	

16:49:54.744	31.8	38.6	38.6	38.1	

16:49:57.765	31.7	38.6	38.6	38.1	

16:50:00.796	31.7	38.6	38.5	38.0	

16:50:03.805	31.7	38.5	38.6	38.0	

16:50:06.824	31.8	38.6	38.5	38.0	

16:50:09.839	31.8	38.5	38.5	38.0	

16:50:12.852	31.8	38.5	38.5	37.9	

16:50:15.876	31.7	38.5	38.5	37.9	

16:50:18.896	31.8	38.5	38.5	37.9	

16:50:21.924	31.7	38.5	38.3	37.9	

16:50:24.936	31.8	38.5	38.4	37.9	

16:50:27.957	31.8	38.5	38.4	37.9	

16:50:30.995	31.7	38.4	38.4	37.9	

16:50:34.014	31.8	38.4	38.4	37.9	

16:50:37.024	31.7	38.4	38.4	37.9	

16:50:40.047	31.7	38.3	38.3	37.8	

16:50:43.064	31.7	38.1	38.3	37.7	

16:50:46.060	31.6	38.1	38.3	37.6	

16:50:49.084	31.6	38.1	38.3	37.6	

16:50:52.104	31.7	38.1	38.1	37.6	

16:50:55.119	31.6	38.1	38.1	37.7	

16:50:58.144	31.7	38.3	38.3	37.7	

16:51:01.158	31.8	38.3	38.3	37.7	

16:51:04.170	31.8	38.3	38.3	37.8	

16:51:07.181	31.8	38.1	38.3	37.7	

16:51:10.224	31.8	38.1	38.1	37.7	

16:51:13.243	31.8	38.1	38.1	37.7	

16:51:16.244	31.8	38.1	38.0	37.7	

16:51:19.266	31.8	38.1	38.1	37.8	

16:51:22.274	31.8	38.1	38.0	37.7	

16:51:25.314	31.8	38.1	38.1	37.6	

16:51:28.341	31.8	38.1	38.1	37.7	

16:51:31.355	31.8	38.0	38.1	37.6	

16:51:34.367	31.8	38.0	38.0	37.6	

16:51:37.395	31.8	37.9	38.0	37.6	

16:51:40.415	31.8	38.0	37.9	37.5	

16:51:43.424	31.8	38.0	38.0	37.5	

16:51:46.467	31.8	38.0	38.0	37.5	

16:51:49.476	31.8	38.0	37.9	37.5	

16:51:52.472	31.8	38.0	37.9	37.5	

16:51:55.496	31.8	37.9	37.9	37.5	

16:51:58.510	31.8	37.9	37.9	37.5	

16:52:01.524	31.8	37.9	37.9	37.5	

16:52:04.546	31.8	37.9	37.8	37.4	

16:52:07.559	31.8	37.9	37.8	37.4	

16:52:10.574	31.8	37.8	37.8	37.5	

16:52:13.604	31.8	37.9	37.8	37.4	

16:52:16.637	31.8	37.8	37.8	37.4	

16:52:19.647	31.8	37.8	37.7	37.4	

16:52:22.656	31.8	37.8	37.8	37.4	

16:52:25.687	31.8	37.8	37.8	37.4	

16:52:28.707	31.8	37.8	37.8	37.4	

16:52:31.714	31.8	37.7	37.7	37.4	

16:52:34.745	31.8	37.7	37.7	37.3	

16:52:37.761	31.8	37.7	37.7	37.3	

16:52:40.775	31.8	37.7	37.7	37.3	

16:52:43.792	31.8	37.6	37.6	37.3	

16:52:46.824	31.8	37.6	37.6	37.3	

16:52:49.824	31.7	37.6	37.6	37.2	

16:52:52.856	31.7	37.6	37.6	37.2	

16:52:55.854	31.8	37.6	37.6	37.2	

16:52:58.884	31.8	37.6	37.6	37.3	

16:53:01.904	31.8	37.6	37.6	37.2	

16:53:04.920	31.9	37.6	37.7	37.2	

16:53:07.945	31.8	37.6	37.6	37.2	

16:53:10.976	31.8	37.6	37.6	37.1	

16:53:13.985	31.8	37.6	37.5	37.2	

16:53:17.015	31.8	37.6	37.5	37.1	

16:53:20.014	31.8	37.5	37.6	37.1	

16:53:23.024	31.8	37.5	37.4	37.2	

16:53:26.056	31.8	37.5	37.5	37.2	

16:53:29.086	31.8	37.5	37.5	37.1	

16:53:32.094	31.8	37.5	37.5	37.1	

16:53:35.105	31.8	37.5	37.5	37.1	

16:53:38.145	31.8	37.5	37.5	37.1	

16:53:41.157	31.8	37.5	37.5	37.1	

16:53:44.152	31.8	37.5	37.5	37.1	

16:53:47.184	31.8	37.4	37.4	37.0	

16:53:50.206	31.8	37.5	37.4	37.0	

16:53:53.246	31.7	37.4	37.4	37.0	

16:53:56.236	31.7	37.4	37.4	37.0	

16:53:59.268	31.6	37.4	37.4	37.0	

16:54:02.306	31.7	37.4	37.4	37.0	

16:54:05.304	31.7	37.4	37.3	37.0	

16:54:08.316	31.6	37.3	37.4	36.9	

16:54:11.347	31.6	37.3	37.3	37.0	

16:54:14.344	31.6	37.4	37.3	36.9	

16:54:17.374	31.6	37.3	37.3	36.9	

16:54:20.386	31.6	37.3	37.3	36.9	

16:54:23.406	31.6	37.3	37.3	36.9	

16:54:26.414	31.6	37.3	37.3	36.9	

16:54:29.461	31.7	37.3	37.4	36.9	

16:54:32.464	31.7	37.3	37.3	36.9	

16:54:35.495	31.7	37.2	37.3	36.9	

16:54:38.494	31.7	37.2	37.2	36.8	

16:54:41.525	31.6	37.2	37.2	36.8	

16:54:44.546	31.7	37.2	37.1	36.9	

16:54:47.564	31.7	37.2	37.2	36.8	

16:54:50.585	31.7	37.2	37.2	36.8	

16:54:53.595	31.7	37.2	37.2	36.8	

16:54:56.608	31.7	37.1	37.2	36.9	

16:54:59.644	31.7	37.1	37.1	36.8	

16:55:02.636	31.7	37.2	37.1	36.8	

16:55:05.667	31.6	37.2	37.1	36.7	

16:55:08.695	31.6	37.2	37.1	36.7	

16:55:11.704	31.6	37.1	37.1	36.7	

16:55:14.737	31.6	37.1	37.1	36.7	

16:55:17.756	31.6	37.1	37.1	36.8	

16:55:20.775	31.6	37.1	37.1	36.7	

16:55:23.794	31.6	37.1	37.1	36.7	

16:55:26.796	31.6	37.0	37.0	36.7	

16:55:29.813	31.6	37.0	37.0	36.7	

16:55:32.846	31.6	37.0	37.0	36.7	

16:55:35.877	31.6	37.0	37.0	36.6	

16:55:38.875	31.6	37.0	37.0	36.6	

16:55:41.897	31.6	37.0	37.0	36.6	

16:55:44.925	31.6	37.0	37.0	36.6	

16:55:47.920	31.6	36.9	36.9	36.6	

16:55:50.956	31.6	37.0	36.9	36.6	

16:55:53.976	31.6	36.9	36.9	36.6	

16:55:56.984	31.6	37.0	36.9	36.5	

16:56:00.014	31.6	37.0	36.9	36.5	

16:56:03.036	31.6	36.9	36.9	36.5	

16:56:06.044	31.6	36.9	36.9	36.5	

16:56:09.065	31.6	36.9	37.0	36.5	

16:56:12.076	31.7	37.0	36.9	36.5	

16:56:15.098	31.8	36.9	36.9	36.5	

16:56:18.135	31.8	36.9	36.9	36.5	

16:56:21.165	31.8	36.9	36.9	36.5	

16:56:24.156	31.8	36.8	36.8	36.4	

16:56:27.169	31.8	36.8	36.9	36.5	

16:56:30.185	31.8	36.8	36.8	36.4	

16:56:33.195	31.8	36.8	36.8	36.4	

16:56:36.235	31.7	36.8	36.8	36.4	

16:56:39.254	31.7	36.8	36.8	36.4	

16:56:42.259	31.7	36.8	36.8	36.4	

16:56:45.286	31.7	36.8	36.8	36.4	

16:56:48.307	31.7	36.8	36.8	36.4	

16:56:51.326	31.7	36.8	36.8	36.4	

16:56:54.344	31.7	36.8	36.9	36.4	

16:56:57.364	31.7	36.7	36.7	36.4	

16:57:00.384	31.7	36.8	36.7	36.4	

16:57:03.386	31.7	36.7	36.7	36.4	

16:57:06.421	31.7	36.7	36.7	36.3	

16:57:09.446	31.7	36.7	36.7	36.3	

16:57:12.455	31.7	36.7	36.7	36.3	

16:57:15.464	31.6	36.7	36.7	36.3	

16:57:18.496	31.7	36.7	36.8	36.2	

16:57:21.504	31.7	36.7	36.7	36.3	

16:57:24.508	31.7	36.7	36.7	36.2	

16:57:27.556	31.6	36.7	36.6	36.3	

16:57:30.556	31.7	36.6	36.6	36.3	

16:57:33.584	31.6	36.7	36.6	36.3	

16:57:36.588	31.7	36.6	36.6	36.3	

16:57:39.626	31.7	36.6	36.6	36.3	

16:57:42.634	31.7	36.6	36.6	36.2	

16:57:45.654	31.7	36.6	36.6	36.2	

16:57:48.686	31.7	36.6	36.6	36.2	

16:57:51.685	31.7	36.6	36.6	36.2	

16:57:54.717	31.7	36.5	36.5	36.2	

16:57:57.745	31.7	36.5	36.5	36.2	

16:58:00.748	31.6	36.5	36.5	36.2	

16:58:03.776	31.7	36.5	36.5	36.1	

16:58:06.786	31.7	36.5	36.5	36.2	

16:58:09.809	31.8	36.5	36.5	36.2	

16:58:12.824	31.8	36.5	36.5	36.2	

16:58:15.855	31.8	36.5	36.5	36.1	

16:58:18.874	31.8	36.4	36.4	36.2	

16:58:21.870	31.7	36.4	36.4	36.1	

16:58:24.914	31.7	36.4	36.5	36.1	

16:58:27.914	31.7	36.3	36.4	36.1	

16:58:30.936	31.8	36.4	36.4	36.0	

16:58:33.955	31.8	36.4	36.5	36.0	

16:58:36.974	31.8	36.3	36.4	36.1	

16:58:39.995	31.8	36.4	36.4	36.1	

16:58:43.014	31.8	36.4	36.4	36.0	

16:58:46.026	31.7	36.4	36.4	36.0	

16:58:49.054	31.7	36.4	36.4	36.0	

16:58:52.064	31.7	36.3	36.3	36.0	

16:58:55.090	31.7	36.3	36.3	36.0	

16:58:58.106	31.7	36.3	36.3	36.0	

16:59:01.125	31.7	36.3	36.3	36.0	

16:59:04.145	31.7	36.3	36.3	35.9	

16:59:07.174	31.6	36.3	36.2	35.9	

16:59:10.166	31.6	36.3	36.2	35.9	

16:59:13.204	31.6	36.3	36.3	35.9	

16:59:16.218	31.7	36.2	36.3	35.9	

16:59:19.241	31.7	36.2	36.2	35.9	

16:59:22.246	31.7	36.2	36.2	35.9	

16:59:25.278	31.7	36.2	36.2	36.0	

16:59:28.295	31.6	36.2	36.2	35.9	

16:59:31.304	31.6	36.2	36.2	35.9	

16:59:34.324	31.6	36.2	36.2	35.8	

16:59:37.344	31.6	36.2	36.2	35.8	

16:59:40.385	31.6	36.2	36.2	35.8	

16:59:43.395	31.6	36.2	36.1	35.9	

16:59:46.416	31.6	36.1	36.2	35.8	

16:59:49.419	31.6	36.1	36.2	35.8	

16:59:52.438	31.6	36.2	36.1	35.7	

16:59:55.456	31.6	36.1	36.1	35.8	

16:59:58.488	31.6	36.1	36.1	35.7	

17:00:01.501	31.6	36.1	36.1	35.8	

17:00:04.519	31.6	36.1	36.1	35.8	

17:00:07.534	31.7	36.0	36.0	35.8	

17:00:10.546	31.6	36.1	36.1	35.7	

17:00:13.560	31.6	36.0	36.1	35.7	

17:00:16.594	31.6	36.0	36.1	35.8	

17:00:19.618	31.6	36.0	36.1	35.7	

17:00:22.634	31.6	36.1	36.0	35.7	

17:00:25.666	31.7	36.0	36.1	35.7	

17:00:28.657	31.7	36.0	36.1	35.7	

17:00:31.684	31.7	36.0	36.0	35.7	

17:00:34.701	31.7	36.0	36.0	35.7	

17:00:37.724	31.7	36.0	36.0	35.7	

17:00:40.730	31.7	36.0	36.0	35.7	

17:00:43.754	31.7	36.0	36.1	35.6	

17:00:46.784	31.7	36.0	36.0	35.7	

17:00:49.805	31.7	36.0	36.1	35.7	

17:00:52.806	31.7	36.0	36.0	35.7	

17:00:55.836	31.7	36.0	36.0	35.6	

17:00:58.866	31.7	35.9	36.0	35.6	

17:01:01.876	31.7	35.9	36.0	35.6	

17:01:04.884	31.7	36.0	35.9	35.7	

17:01:07.906	31.7	36.0	36.0	35.6	

17:01:10.920	31.7	35.9	35.9	35.6	

17:01:13.944	31.7	36.0	35.9	35.6	

17:01:16.968	31.7	35.9	35.9	35.6	

17:01:19.994	31.6	35.9	35.9	35.6	

17:01:23.005	31.7	35.9	35.9	35.6	

17:01:26.014	31.7	35.9	35.9	35.6	

17:01:29.044	31.7	35.9	35.9	35.5	

17:01:32.056	31.6	35.9	35.9	35.5	

17:01:35.074	31.7	35.9	35.9	35.5	

17:01:38.094	31.7	35.8	35.9	35.6	

17:01:41.104	31.8	35.8	35.9	35.5	

17:01:44.124	31.8	35.8	35.9	35.5	

17:01:47.134	31.9	35.8	35.9	35.6	

17:01:50.164	31.8	35.8	35.8	35.5	

17:01:53.186	31.8	35.8	35.8	35.5	

17:01:56.204	31.8	35.8	35.8	35.5	

17:01:59.244	31.7	35.8	35.8	35.4	

17:02:02.234	31.7	35.8	35.8	35.5	

17:02:05.264	31.7	35.8	35.8	35.5	

17:02:08.294	31.8	35.8	35.9	35.5	

17:02:11.290	31.8	35.8	35.8	35.4	

17:02:14.310	31.7	35.8	35.8	35.4	

17:02:17.325	31.7	35.7	35.7	35.4	

17:02:20.360	31.7	35.8	35.8	35.4	

17:02:23.374	31.7	35.7	35.7	35.5	

17:02:26.386	31.7	35.7	35.7	35.3	

17:02:29.404	31.6	35.7	35.7	35.4	

17:02:32.424	31.7	35.7	35.7	35.4	

17:02:35.444	31.7	35.6	35.7	35.4	

17:02:38.465	31.7	35.6	35.7	35.4	

17:02:41.496	31.7	35.7	35.7	35.4	

17:02:44.495	31.7	35.7	35.7	35.4	

17:02:47.520	31.7	35.6	35.7	35.4	

17:02:50.537	31.7	35.7	35.7	35.4	

17:02:53.564	31.7	35.7	35.7	35.3	

17:02:56.584	31.7	35.6	35.6	35.3	

17:02:59.589	31.7	35.6	35.7	35.3	

17:03:02.618	31.7	35.6	35.6	35.3	

17:03:05.633	31.6	35.6	35.6	35.3	

17:03:08.664	31.7	35.6	35.6	35.3	

17:03:11.684	31.6	35.6	35.6	35.2	

17:03:14.715	31.7	35.6	35.6	35.3	

17:03:17.706	31.7	35.6	35.5	35.2	

17:03:20.724	31.7	35.5	35.7	35.2	

17:03:23.747	31.6	35.5	35.5	35.2	

17:03:26.761	31.7	35.5	35.5	35.3	

17:03:29.785	31.6	35.5	35.6	35.2	

17:03:32.809	31.6	35.6	35.5	35.2	

17:03:35.814	31.7	35.5	35.5	35.1	

17:03:38.858	31.6	35.5	35.5	35.2	

17:03:41.854	31.6	35.5	35.5	35.2	

17:03:44.873	31.6	35.5	35.5	35.3	

17:03:47.886	31.6	35.5	35.6	35.2	

17:03:50.902	31.7	35.5	35.6	35.2	

17:03:53.927	31.6	35.5	35.5	35.2	

17:03:56.954	31.7	35.5	35.4	35.2	

17:03:59.980	31.7	35.5	35.5	35.2	

17:04:02.994	31.6	35.5	35.5	35.2	

17:04:06.004	31.6	35.5	35.4	35.2	

17:04:09.034	31.6	35.4	35.4	35.2	

17:04:12.044	31.6	35.4	35.5	35.2	

17:04:15.063	31.7	35.4	35.5	35.1	

17:04:18.094	31.6	35.4	35.4	35.1	

17:04:21.088	31.7	35.3	35.5	35.1	

17:04:24.127	31.8	35.5	35.4	35.1	

17:04:27.154	31.8	35.4	35.4	35.1	

17:04:30.154	31.8	35.4	35.5	35.1	

17:04:33.196	31.8	35.4	35.4	35.1	

17:04:36.184	31.8	35.4	35.4	35.1	

17:04:39.224	31.8	35.4	35.4	35.1	

17:04:42.234	31.7	35.4	35.4	35.1	

17:04:45.244	31.7	35.4	35.4	35.0	

17:04:48.263	31.7	35.4	35.4	35.1	

17:04:51.304	31.7	35.3	35.4	35.1	

17:04:54.304	31.6	35.3	35.3	35.0	

17:04:57.304	31.6	35.3	35.4	35.0	

17:05:00.344	31.7	35.3	35.3	35.0	

17:05:03.384	31.7	35.2	35.3	35.0	

17:05:06.387	31.7	35.2	35.4	35.1	

17:05:09.384	31.6	35.3	35.3	35.0	

17:05:12.399	31.6	35.2	35.3	35.0	

17:05:15.434	31.6	35.3	35.3	35.0	

17:05:18.447	31.6	35.3	35.3	34.9	

17:05:21.463	31.6	35.3	35.3	35.0	

17:05:24.480	31.6	35.2	35.3	35.0	

17:05:27.510	31.6	35.2	35.3	34.9	

17:05:30.533	31.6	35.2	35.3	35.0	

17:05:33.544	31.6	35.2	35.2	34.9	

17:05:36.564	31.7	35.2	35.3	35.0	

17:05:39.594	31.7	35.2	35.2	35.0	

17:05:42.605	31.7	35.2	35.2	34.9	

17:05:45.626	31.7	35.2	35.2	34.9	

17:05:48.654	31.7	35.2	35.2	34.9	

17:05:51.657	31.7	35.2	35.2	34.9	

17:05:54.676	31.6	35.1	35.3	34.9	

17:05:57.681	31.7	35.2	35.2	34.9	

17:06:00.700	31.7	35.2	35.2	34.9	

17:06:03.736	31.7	35.1	35.2	34.9	

17:06:06.754	31.6	35.1	35.2	34.9	

17:06:09.765	31.7	35.1	35.2	34.8	

17:06:12.784	31.6	35.1	35.2	34.8	

17:06:15.804	31.6	35.1	35.1	34.9	

17:06:18.822	31.7	35.1	35.2	34.8	

17:06:21.854	31.6	35.1	35.1	34.8	

17:06:24.876	31.6	35.1	35.0	34.8	

17:06:27.886	31.6	35.1	35.1	34.8	

17:06:30.914	31.6	35.0	35.1	34.8	

17:06:33.917	31.6	35.0	35.0	34.7	

17:06:36.944	31.6	35.1	35.1	34.7	

17:06:39.950	31.6	35.0	35.0	34.7	

17:06:42.980	31.6	35.0	35.1	34.8	

17:06:46.004	31.6	35.0	35.0	34.8	

17:06:49.024	31.6	35.0	35.1	34.7	

17:06:52.036	31.6	35.0	35.1	34.7	

17:06:55.056	31.7	35.0	35.1	34.7	

17:06:58.090	31.7	35.0	35.1	34.7	

17:07:01.084	31.7	35.0	35.1	34.7	

17:07:04.096	31.7	35.0	35.1	34.7	

17:07:07.120	31.6	35.0	35.1	34.7	

17:07:10.154	31.7	35.0	35.1	34.7	

17:07:13.156	31.6	35.0	35.0	34.7	

17:07:16.184	31.7	35.0	35.0	34.7	

17:07:19.204	31.6	34.9	35.0	34.7	

17:07:22.213	31.7	35.0	34.9	34.7	

17:07:25.236	31.7	35.0	35.0	34.7	

17:07:28.244	31.7	34.9	35.0	34.6	

17:07:31.274	31.7	35.0	34.9	34.6	

17:07:34.290	31.6	34.9	35.0	34.7	

17:07:37.326	31.7	34.9	35.0	34.6	

17:07:40.327	31.7	34.9	35.0	34.6	

17:07:43.344	31.7	34.9	35.0	34.6	

17:07:46.376	31.7	35.0	34.9	34.7	

17:07:49.396	31.7	34.9	34.9	34.6	

17:07:52.401	31.7	34.9	35.0	34.6	

17:07:55.419	31.7	34.9	34.9	34.6	

17:07:58.456	31.7	34.9	34.9	34.6	

17:08:01.464	31.7	34.9	34.9	34.6	

17:08:04.465	31.7	34.9	35.0	34.7	

17:08:07.496	31.8	34.9	34.9	34.7	

17:08:10.511	31.7	34.9	34.9	34.6	

17:08:13.534	31.8	34.9	35.1	34.6	

17:08:16.554	31.7	34.9	35.0	34.6	

17:08:19.586	31.7	34.9	34.9	34.6	

17:08:22.586	31.7	34.9	34.9	34.6	

17:08:25.603	31.7	34.8	34.9	34.5	

17:08:28.635	31.7	34.8	34.9	34.6	

17:08:31.654	31.7	34.8	34.9	34.6	

17:08:34.649	31.7	34.8	34.9	34.5	

17:08:37.687	31.7	34.8	34.9	34.5	

17:08:40.703	31.7	34.8	34.8	34.6	

17:08:43.726	31.7	34.8	34.8	34.5	

17:08:46.730	31.7	34.8	34.8	34.5	

17:08:49.774	31.7	34.8	34.8	34.5	

17:08:52.776	31.7	34.8	34.8	34.5	

17:08:55.794	31.7	34.8	34.8	34.5	

17:08:58.810	31.7	34.7	34.8	34.5	

17:09:01.836	31.7	34.8	34.8	34.5	

17:09:04.884	31.7	34.8	34.9	34.4	

17:09:07.884	31.7	34.7	34.8	34.5	

17:09:10.905	31.7	34.8	34.9	34.5	

17:09:13.905	31.7	34.7	34.8	34.4	

17:09:16.934	31.6	34.7	34.8	34.4	

17:09:19.943	31.6	34.7	34.8	34.4	

17:09:22.974	31.6	34.7	34.7	34.4	

17:09:25.983	31.6	34.7	34.8	34.4	

17:09:29.010	31.6	34.7	34.7	34.5	

17:09:32.010	31.6	34.7	34.8	34.4	

17:09:35.044	31.7	34.7	34.7	34.4	

17:09:38.047	31.6	34.7	34.8	34.4	

17:09:41.084	31.6	34.7	34.7	34.4	

17:09:44.090	31.6	34.7	34.7	34.4	

17:09:47.114	31.6	34.7	34.7	34.4	

17:09:50.134	31.6	34.7	34.7	34.4	

17:09:53.140	31.6	34.7	34.7	34.4	

17:09:56.169	31.6	34.6	34.7	34.4	

17:09:59.187	31.6	34.7	34.7	34.4	

17:10:02.204	31.6	34.6	34.7	34.4	

17:10:05.217	31.6	34.7	34.6	34.4	

17:10:08.236	31.6	34.7	34.7	34.4	

17:10:11.259	31.6	34.5	34.6	34.3	

17:10:14.284	31.6	34.6	34.7	34.3	

17:10:17.295	31.6	34.6	34.6	34.3	

17:10:20.316	31.6	34.6	34.7	34.3	

17:10:23.346	31.6	34.6	34.7	34.4	

17:10:26.374	31.6	34.6	34.7	34.3	

17:10:29.394	31.6	34.6	34.6	34.3	

17:10:32.383	31.6	34.6	34.7	34.3	

17:10:35.399	31.6	34.6	34.7	34.3	

17:10:38.423	31.6	34.6	34.6	34.3	

17:10:41.433	31.6	34.6	34.6	34.3	

17:10:44.462	31.6	34.6	34.7	34.3	

17:10:47.493	31.7	34.5	34.5	34.3	

17:10:50.495	31.6	34.6	34.6	34.3	

17:10:53.554	31.6	34.5	34.6	34.3	

17:10:56.534	31.6	34.5	34.6	34.3	

17:10:59.557	31.6	34.6	34.6	34.3	

17:11:02.575	31.6	34.5	34.6	34.3	

17:11:05.595	31.6	34.5	34.6	34.3	

17:11:08.613	31.6	34.5	34.6	34.3	

17:11:11.635	31.6	34.5	34.5	34.2	

17:11:14.656	31.6	34.5	34.5	34.2	

17:11:17.674	31.6	34.5	34.5	34.2	

17:11:20.686	31.6	34.5	34.6	34.2	

17:11:23.699	31.6	34.5	34.5	34.2	

17:11:26.734	31.6	34.5	34.5	34.2	

17:11:29.754	31.6	34.5	34.6	34.2	

17:11:32.774	31.6	34.5	34.5	34.2	

17:11:35.784	31.6	34.5	34.5	34.2	

17:11:38.793	31.6	34.5	34.5	34.2	

17:11:41.818	31.6	34.5	34.6	34.2	

17:11:44.838	31.6	34.5	34.6	34.2	

17:11:47.856	31.6	34.4	34.5	34.2	

17:11:50.873	31.6	34.4	34.5	34.2	

17:11:53.901	31.6	34.4	34.5	34.2	

17:11:56.901	31.6	34.4	34.5	34.2	

17:11:59.934	31.6	34.4	34.5	34.2	

17:12:02.949	31.6	34.4	34.5	34.2	

17:12:05.974	31.6	34.4	34.5	34.2	

17:12:08.994	31.7	34.4	34.5	34.2	

17:12:12.006	31.7	34.4	34.4	34.2	

17:12:15.035	31.6	34.4	34.5	34.1	

17:12:18.053	31.7	34.3	34.4	34.1	

17:12:21.063	31.6	34.4	34.4	34.2	

17:12:24.086	31.6	34.4	34.4	34.1	

17:12:27.091	31.6	34.4	34.4	34.1	

17:12:30.125	31.7	34.4	34.4	34.1	

17:12:33.120	31.6	34.4	34.4	34.1	

17:12:36.153	31.7	34.3	34.4	34.1	

17:12:39.163	31.7	34.3	34.4	34.2	

17:12:42.204	31.6	34.3	34.4	34.1	

17:12:45.216	31.6	34.3	34.4	34.1	

17:12:48.216	31.6	34.3	34.4	34.1	

17:12:51.246	31.7	34.3	34.4	34.1	

17:12:54.274	31.6	34.3	34.4	34.1	

17:12:57.296	31.7	34.3	34.4	34.1	

17:13:00.306	31.7	34.3	34.3	34.1	

17:13:03.308	31.7	34.3	34.3	34.1	

17:13:06.356	31.7	34.3	34.3	34.1	

17:13:09.358	31.6	34.3	34.3	34.1	

17:13:12.374	31.6	34.3	34.3	34.1	

17:13:15.384	31.6	34.3	34.4	34.0	

17:13:18.407	31.7	34.3	34.3	34.0	

17:13:21.444	31.6	34.3	34.4	34.0	

17:13:24.454	31.6	34.3	34.3	34.0	

17:13:27.474	31.6	34.3	34.3	34.1	

17:13:30.487	31.6	34.3	34.3	34.0	

17:13:33.524	31.6	34.3	34.3	34.0	

17:13:36.523	31.6	34.2	34.3	34.0	

17:13:39.554	31.6	34.3	34.3	34.0	

17:13:42.559	31.6	34.2	34.3	33.9	

17:13:45.604	31.6	34.2	34.3	34.0	

17:13:48.605	31.6	34.2	34.3	34.0	

17:13:51.634	31.6	34.2	34.3	34.0	

17:13:54.647	31.6	34.2	34.3	34.0	

17:13:57.664	31.6	34.2	34.3	34.0	

17:14:00.670	31.7	34.2	34.2	34.0	

17:14:03.706	31.7	34.2	34.3	34.0	

17:14:06.720	31.7	34.2	34.3	34.0	

17:14:09.734	31.8	34.2	34.3	33.9	

17:14:12.764	31.7	34.2	34.2	34.0	

17:14:15.764	31.7	34.2	34.2	33.9	

17:14:18.790	31.7	34.2	34.2	34.0	

17:14:21.813	31.7	34.2	34.2	33.9	

17:14:24.823	31.7	34.2	34.2	34.0	

17:14:27.839	31.7	34.2	34.2	33.9	

17:14:30.864	31.7	34.1	34.2	33.9	

17:14:33.884	31.7	34.1	34.2	33.9	

17:14:36.905	31.7	34.2	34.2	33.9	

17:14:39.923	31.6	34.1	34.2	33.9	

17:14:42.934	31.7	34.1	34.2	33.9	

17:14:45.974	31.7	34.2	34.2	33.9	

17:14:48.984	31.7	34.1	34.2	33.9	

17:14:51.994	31.7	34.1	34.2	33.8	

17:14:55.016	31.6	34.1	34.1	33.8	

17:14:58.024	31.6	34.1	34.2	33.8	

17:15:01.054	31.7	34.1	34.2	33.9	

17:15:04.066	31.7	34.1	34.2	33.9	

17:15:07.084	31.6	34.1	34.2	33.8	

17:15:10.096	31.6	34.1	34.1	33.9	

17:15:13.125	31.7	34.0	34.1	33.8	

17:15:16.135	31.6	34.0	34.2	33.8	

17:15:19.164	31.6	34.1	34.0	33.8	

17:15:22.193	31.6	34.1	34.1	33.9	

17:15:25.214	31.7	34.0	34.0	33.8	

17:15:28.217	31.6	34.1	34.0	33.8	

17:15:31.234	31.6	34.1	34.0	33.9	

17:15:34.244	31.6	34.1	34.1	33.8	

17:15:37.276	31.6	34.0	34.1	33.8	

17:15:40.285	31.6	34.0	34.1	33.8	

17:15:43.315	31.6	34.0	34.1	33.8	

17:15:46.325	31.6	34.0	34.1	33.8	

17:15:49.354	31.6	34.0	34.0	33.8	

17:15:52.384	31.6	34.0	34.1	33.8	

17:15:55.404	31.6	34.0	34.1	33.8	

17:15:58.404	31.6	34.0	34.0	33.8	

17:16:01.417	31.6	34.0	34.1	33.8	

17:16:04.456	31.6	34.0	34.1	33.8	

17:16:07.457	31.6	34.0	34.1	33.8	

17:16:10.484	31.6	34.0	34.0	33.8	

17:16:13.478	31.6	34.0	34.0	33.8	

17:16:16.511	31.6	34.0	34.0	33.8	

17:16:19.533	31.7	34.0	34.0	33.8	

17:16:22.556	31.6	34.0	34.1	33.8	

17:16:25.563	31.6	34.0	34.0	33.8	

17:16:28.607	31.7	34.0	34.1	33.8	

17:16:31.635	31.6	34.0	34.0	33.8	

17:16:34.624	31.6	34.0	34.0	33.8	

17:16:37.656	31.6	34.0	34.1	33.8	

17:16:40.674	31.6	33.9	34.0	33.8	

17:16:43.694	31.6	34.0	34.0	33.8	

17:16:46.706	31.5	33.9	34.0	33.8	

17:16:49.716	31.6	34.0	34.0	33.8	

17:16:52.737	31.6	33.9	34.0	33.8	

17:16:55.760	31.7	33.9	34.0	33.8	

17:16:58.785	31.7	33.9	34.0	33.8	

17:17:01.804	31.7	34.0	34.0	33.8	

17:17:04.824	31.7	33.9	34.0	33.8	

17:17:07.828	31.6	33.9	33.9	33.8	

17:17:10.853	31.7	33.9	33.9	33.8	

17:17:13.866	31.6	33.9	33.9	33.8	

17:17:16.894	31.6	33.9	33.9	33.7	

17:17:19.914	31.6	33.9	33.9	33.8	

17:17:22.921	31.6	33.9	33.9	33.8	

17:17:25.945	31.6	33.9	33.9	33.7	

17:17:28.968	31.6	33.9	33.9	33.8	

17:17:31.994	31.6	33.9	34.0	33.7	

17:17:34.996	31.6	33.9	33.9	33.7	

17:17:38.015	31.7	33.8	33.9	33.7	

17:17:41.024	31.6	33.9	33.9	33.7	

17:17:44.063	31.6	33.9	34.0	33.7	

17:17:47.061	31.6	33.9	33.9	33.8	

17:17:50.095	31.6	33.9	33.9	33.7	

17:17:53.124	31.6	33.8	33.9	33.7	

17:17:56.123	31.6	33.8	33.8	33.7	

17:17:59.166	31.6	33.8	33.9	33.8	

17:18:02.164	31.6	33.8	33.9	33.7	

17:18:05.169	31.6	33.8	33.9	33.7	

17:18:08.215	31.6	33.8	33.9	33.8	

17:18:11.215	31.6	33.8	33.9	33.7	

17:18:14.246	31.6	33.8	33.9	33.7	

17:18:17.266	31.6	33.8	33.9	33.8	

17:18:20.272	31.6	33.8	33.8	33.7	

17:18:23.300	31.6	33.8	33.9	33.7	

17:18:26.314	31.6	33.8	33.9	33.7	

17:18:29.333	31.6	33.8	33.8	33.7	

17:18:32.364	31.6	33.8	33.8	33.7	

17:18:35.364	31.6	33.8	33.8	33.7	

17:18:38.387	31.6	33.8	33.8	33.7	

17:18:41.405	31.6	33.8	33.8	33.6	

17:18:44.437	31.6	33.8	33.8	33.7	

17:18:47.459	31.6	33.8	33.8	33.6	

17:18:50.473	31.6	33.8	33.8	33.6	

17:18:53.487	31.6	33.8	33.9	33.7	

17:18:56.514	31.6	33.8	33.8	33.6	

17:18:59.511	31.7	33.8	33.9	33.7	

17:19:02.523	31.6	33.8	33.8	33.6	

17:19:05.556	31.6	33.8	33.8	33.7	

17:19:08.584	31.6	33.8	33.8	33.6	

17:19:11.606	31.6	33.8	33.8	33.6	

17:19:14.603	31.7	33.8	33.8	33.6	

17:19:17.644	31.6	33.8	33.8	33.6	

17:19:20.650	31.7	33.8	33.8	33.6	

17:19:23.669	31.6	33.8	33.8	33.6	

17:19:26.695	31.6	33.8	33.8	33.6	

17:19:29.705	31.6	33.8	33.8	33.7	

17:19:32.713	31.6	33.8	33.8	33.6	

17:19:35.730	31.6	33.8	33.8	33.6	

17:19:38.763	31.6	33.8	33.8	33.6	

17:19:41.785	31.5	33.7	33.8	33.6	

